0	-20	-20	1.0422	288.662	2	1	
1	-18	-18	-0.122098	839.432	2	0	
0	-17.4758	-14.9551	1.26733	288.662	2	1	
1	-13.9638	-21.9803	-0.540511	839.432	2	0	
0	-17.4083	-11.1021	1.33002	288.662	2	1	
1	-9.91828	-25.1318	0.263591	839.432	2	0	
0	-16.208	-5.04249	1.56639	288.662	2	1	
1	-4.8814	-24.1307	0.315348	839.432	2	0	
0	-18.1728	-0.829327	2.60769	288.662	2	1	
1	-2.28622	-26.2574	-1.71002	839.432	2	0	
0	-17.6717	-1.74545	2.20033	288.662	0	1	
1	-2.32192	-26.455	-2.19699	839.432	0	0	
0	-17.4386	-0.730957	1.58883	288.662	0	1	
1	-3.09168	-26.9322	-1.65545	839.432	0	0	
0	-16.2296	1.62524	0.383791	288.662	1	1	
1	-2.60251	-27.0273	-1.86484	839.432	0	0	
0	-14.454	5.92587	1.20484	288.662	2	1	
1	-1.39356	-27.2844	-2.72069	839.432	0	0	
0	-14.3574	6.16035	0.471855	288.662	0	1	
1	-1.43404	-28.0324	-3.52706	839.432	0	0	
0	-11.3252	6.16871	0.714439	56.3257	1	1	
1	-3.0431	-28.7246	-2.72438	918.951	1	0	
0	-10.9912	5.72364	1.84637	56.3257	0	1	
1	-2.63098	-29.8297	-2.44371	918.951	0	0	
0	-11.5877	5.75618	0.845487	56.3257	0	1	
1	-1.34262	-28.7197	-2.15665	918.951	0	0	
0	-11.6702	5.5387	1.63398	56.3257	0	1	
1	-1.16623	-29.5847	-0.794273	918.951	0	0	
0	-11.8069	5.87624	2.23063	56.3257	0	1	
1	-0.734549	-27.536	-0.989119	918.951	0	0	
0	-12.7666	5.24168	1.64094	56.3257	0	1	
1	0.071678	-27.9607	-0.45231	918.951	0	0	
0	-11.6809	6.42503	1.62679	56.3257	0	1	
1	0.220366	-28.2605	-0.749881	918.951	0	0	
0	-11.4691	6.82185	1.69722	56.3257	0	1	
1	-0.34358	-28.4105	-0.732277	918.951	0	0	
0	-10.6087	7.17821	2.23243	56.3257	0	1	
1	-1.06907	-27.2788	0.234986	918.951	0	0	
0	-11.3871	5.91013	1.99018	56.3257	0	1	
1	1.8607	-30.0632	-1.31913	918.951	2	0	
0	-13.0484	5.53621	2.30516	45.1709	0	1	
1	1.76154	-29.2656	-1.71397	825.03	0	0	
0	-12.6027	4.768	2.10903	45.1709	0	1	
1	2.44198	-29.1062	-2.44846	825.03	0	0	
0	-13.5637	5.0744	2.71099	45.1709	0	1	
1	1.73222	-29.8996	-3.04289	825.03	0	0	
0	-11.901	5.1844	1.97284	45.1709	0	1	
1	1.56374	-29.9464	-3.88877	825.03	0	0	
0	-12.1101	5.64201	2.94815	45.1709	0	1	
1	1.96244	-25.6033	-4.1663	825.03	2	0	
0	-11.8881	4.28324	2.83883	45.1709	0	1	
1	2.02726	-20.5967	-5.78355	825.03	2	0	
0	-10.9261	3.96555	4.41083	45.1709	0	1	
1	7.91523	-21.0226	-5.95427	825.03	2	0	
0	-11.5223	2.06991	3.82416	45.1709	1	1	
1	13.5902	-20.8924	-6.018	825.03	2	0	
0	-12.365	0.969785	4.12957	45.1709	1	1	
1	15.6251	-22.4339	-6.82644	825.03	1	0	
0	-12.6136	0.748751	3.85306	45.1709	0	1	
1	15.9776	-22.5801	-7.19675	825.03	0	0	
0	-12.125	0.455083	4.03896	13.6535	0	1	
1	15.4649	-22.629	-6.98801	466.649	0	0	
0	-11.1468	0.420644	4.0039	13.6535	0	1	
1	14.9054	-21.7863	-6.98237	466.649	0	0	
0	-10.9902	0.819245	3.08022	13.6535	0	1	
1	13.8054	-21.9897	-7.18299	466.649	0	0	
0	-10.4686	0.870652	3.8497	13.6535	0	1	
1	12.7432	-22.5408	-7.03144	466.649	0	0	
0	-11.819	0.447764	3.77373	13.6535	1	1	
1	13.9682	-22.7314	-5.80562	466.649	0	0	
0	-12.4741	0.434545	3.35349	13.6535	0	1	
1	18.5136	-19.9115	-5.98658	466.649	2	0	
0	-12.6153	0.175226	4.39339	13.6535	0	1	
1	18.3847	-19.9501	-7.31416	466.649	0	0	
0	-12.2801	-0.539672	4.24001	13.6535	0	1	
1	17.7753	-20.5333	-8.34002	466.649	0	0	
0	-13.3333	-0.96154	3.74761	13.6535	0	1	
1	17.5709	-20.8569	-8.22199	466.649	0	0	
0	-13.5727	-0.435663	3.3334	13.6535	0	1	
1	17.4225	-19.7366	-7.14212	466.649	0	0	
0	-13.1527	-0.455447	1.71376	21.7534	0	1	
1	16.7975	-19.7663	-7.27986	382.104	0	0	
0	-12.4487	1.95988	1.89713	21.7534	1	1	
1	17.2553	-19.638	-8.62928	382.104	0	0	
0	-11.4227	2.05084	2.34678	21.7534	0	1	
1	17.6449	-19.1942	-8.46236	382.104	0	0	
0	-12.6906	2.25424	3.48295	21.7534	0	1	
1	17.1638	-19.8718	-8.47865	382.104	0	0	
0	-14.043	2.87237	2.36015	21.7534	0	1	
1	16.9176	-19.6243	-7.4808	382.104	0	0	
0	-14.7727	2.40748	2.51628	21.7534	0	1	
1	15.5972	-20.5194	-7.17612	382.104	0	0	
0	-14.713	3.08255	3.13802	21.7534	0	1	
1	16.955	-21.6513	-6.97166	382.104	0	0	
0	-14.4027	3.27845	2.9729	21.7534	0	1	
1	16.6705	-21.7915	-7.26075	382.104	0	0	
0	-14.0752	3.89606	1.88732	21.7534	0	1	
1	16.6803	-21.5133	-6.53777	382.104	0	0	
0	-13.5091	4.83534	1.2877	21.7534	0	1	
1	15.6819	-22.1973	-6.72925	382.104	0	0	
0	-13.9556	5.88795	2.22331	44.5957	0	1	
1	16.8223	-22.0025	-7.30363	502.017	0	0	
0	-13.5063	6.43847	2.30102	44.5957	0	1	
1	16.8177	-22.1963	-7.0088	502.017	0	0	
0	-13.8915	6.40537	2.26588	44.5957	0	1	
1	14.9288	-21.6146	-7.00316	502.017	0	0	
0	-13.2245	6.38213	2.7545	44.5957	0	1	
1	15.1621	-21.6316	-7.03188	502.017	0	0	
0	-13.7147	5.65557	3.6485	44.5957	0	1	
1	15.8694	-21.1638	-7.78565	502.017	0	0	
0	-13.239	5.90915	2.96542	44.5957	0	1	
1	16.0595	-21.7694	-8.22721	502.017	0	0	
0	-13.2002	5.11335	2.28702	44.5957	0	1	
1	16.5072	-21.6198	-6.88271	502.017	0	0	
0	-14.3864	6.53107	1.53754	44.5957	0	1	
1	17.6967	-21.3388	-6.11814	502.017	0	0	
0	-14.2557	6.87621	1.05684	44.5957	0	1	
1	17.6259	-21.8298	-5.98334	502.017	0	0	
0	-14.6502	6.4317	1.59891	44.5957	0	1	
1	17.1908	-22.2719	-6.96614	502.017	0	0	
0	-14.765	5.12065	1.81905	70.8296	0	1	
1	18.2085	-21.8739	-9.13377	487.505	0	0	
0	-14.8859	5.20765	2.39226	70.8296	0	1	
1	16.4757	-23.8641	-8.89323	487.505	1	0	
0	-14.8079	6.05187	2.6188	70.8296	0	1	
1	16.9377	-23.9077	-10.5311	487.505	0	0	
0	-15.6068	5.87625	2.02872	70.8296	0	1	
1	12.6357	-24.1277	-9.27803	487.505	2	0	
0	-15.8951	5.26803	1.88925	70.8296	0	1	
1	12.5023	-24.9893	-9.97374	487.505	0	0	
0	-15.8434	6.53725	1.15368	70.8296	0	1	
1	7.92902	-24.3645	-9.32149	487.505	2	0	
0	-16.0106	6.84029	0.305113	70.8296	0	1	
1	7.60464	-24.9095	-9.32525	487.505	0	0	
0	-15.0914	6.98646	0.500466	70.8296	1	1	
1	8.64415	-24.104	-8.68695	487.505	0	0	
0	-12.6241	7.6681	0.747057	70.8296	1	1	
1	8.90182	-23.355	-7.97135	487.505	0	0	
0	-11.8847	7.59216	1.26647	70.8296	0	1	
1	8.19224	-22.6499	-7.60564	487.505	0	0	
0	-11.193	7.61407	1.20239	69.1073	0	1	
1	7.74792	-23.4969	-8.1945	437.745	0	0	
0	-11.2049	6.61787	1.73193	69.1073	0	1	
1	7.32064	-23.2992	-8.09495	437.745	0	0	
0	-10.641	6.44166	1.04261	69.1073	0	1	
1	7.72626	-22.5611	-7.05191	437.745	0	0	
0	-11.1679	7.09259	0.543164	69.1073	0	1	
1	7.09145	-23.2348	-7.00574	437.745	0	0	
0	-10.9158	5.33124	0.420796	69.1073	0	1	
1	7.0717	-23.0778	-6.75264	437.745	0	0	
0	-10.6243	3.97633	0.471476	69.1073	0	1	
1	7.71962	-22.6813	-6.57288	437.745	0	0	
0	-10.3028	4.51191	1.21281	69.1073	0	1	
1	7.55428	-23.2037	-7.7011	437.745	0	0	
0	-10.1311	5.21112	0.473801	69.1073	0	1	
1	7.49453	-22.937	-7.09302	437.745	0	0	
0	-10.0314	5.77292	0.506066	69.1073	0	1	
1	8.11968	-23.5728	-8.57738	437.745	0	0	
0	-9.38421	4.91049	0.186827	69.1073	0	1	
1	7.98127	-23.6915	-8.9751	437.745	0	0	
0	-9.02727	4.68175	0.01737	30.738	0	1	
1	7.77538	-23.3317	-8.55139	557.9	0	0	
0	-9.51976	5.37146	0.631995	30.738	0	1	
1	8.32208	-23.5092	-7.33931	557.9	0	0	
0	-9.21194	4.10141	0.461001	30.738	0	1	
1	7.70523	-23.3348	-7.34183	557.9	0	0	
0	-9.40193	4.24549	1.10445	30.738	0	1	
1	7.47397	-23.0738	-8.04914	557.9	0	0	
0	-9.83649	3.71417	1.13407	30.738	0	1	
1	7.28376	-22.6789	-7.31397	557.9	0	0	
0	-8.65482	3.7689	0.607981	30.738	0	1	
1	5.4066	-23.3525	-6.74377	557.9	0	0	
0	-8.57668	3.79948	0.407963	30.738	0	1	
1	6.06665	-23.9136	-6.68182	557.9	0	0	
0	-8.16072	2.39405	0.466558	30.738	0	1	
1	5.70089	-22.768	-6.42352	557.9	0	0	
0	-8.36867	1.39247	0.410718	30.738	0	1	
1	5.90933	-25.0255	-7.74401	557.9	1	0	
0	-8.59907	0.0317139	1.07265	30.738	0	1	
1	5.80645	-24.321	-7.70595	557.9	0	0	
0	-8.4642	-0.549964	1.3665	6.51938	0	1	
1	6.67829	-23.7697	-8.20182	508.925	0	0	
0	-7.87864	1.58948	0.678149	6.51938	1	1	
1	7.17747	-23.6406	-8.67824	508.925	0	0	
0	-7.69124	0.475013	0.891162	6.51938	0	1	
1	7.09117	-23.0129	-9.02974	508.925	0	0	
0	-7.4524	0.821235	0.973659	6.51938	0	1	
1	7.56841	-23.3684	-9.29513	508.925	0	0	
0	-7.07782	1.45356	0.08145	6.51938	0	1	
1	6.96066	-23.3042	-10.3349	508.925	0	0	
0	-7.44125	1.87903	0.0618038	6.51938	0	1	
1	1.80889	-21.0138	-10.0609	508.925	2	0	
0	-7.58434	1.81291	0.273569	6.51938	0	1	
1	-2.96602	-19.3848	-9.546	508.925	2	0	
0	-8.24959	1.12841	0.35322	6.51938	0	1	
1	-2.4607	-19.1194	-9.07758	508.925	0	0	
0	-9.85096	1.38023	0.259417	6.51938	0	1	
1	-2.80757	-19.0305	-8.72512	508.925	0	0	
0	-9.94452	0.646191	-0.0932169	6.51938	0	1	
1	-3.49613	-18.1177	-9.55376	508.925	0	0	
0	-8.55958	1.44676	1.2072	3.1894	1	1	
1	-3.97251	-17.6237	-10.2745	506.362	0	0	
0	-8.61148	1.55533	0.186632	3.1894	0	1	
1	-3.96509	-16.4474	-11.1922	506.362	1	0	
0	-7.38061	0.928397	-0.120608	3.1894	0	1	
1	-1.95645	-12.5278	-11.7043	506.362	2	0	
0	-7.35249	1.12549	-0.199994	3.1894	0	1	
1	1.2092	-10.3714	-12.2667	506.362	2	0	
0	-7.35041	1.65938	0.446903	3.1894	0	1	
1	6.1956	-8.57063	-11.9702	506.362	2	0	
0	-9.17506	2.47579	0.188033	3.1894	0	1	
1	10.5236	-4.91219	-11.7876	506.362	2	0	
0	-8.90255	2.50994	0.457025	3.1894	0	1	
1	11.1825	-3.55674	-11.0468	506.362	1	0	
0	-9.24308	2.62874	-0.124419	3.1894	0	1	
1	9.30377	-1.97262	-10.6349	506.362	1	0	
0	-9.11891	2.22241	0.231604	3.1894	0	1	
1	6.33404	-0.641932	-9.51469	506.362	1	0	
0	-9.70136	3.50759	0.895686	3.1894	0	1	
1	6.87908	-0.6794	-9.41736	506.362	0	0	
0	-10.1673	3.58695	1.48792	20.5676	0	1	
1	6.80996	-0.188852	-7.80662	18.7041	0	0	
0	-10.7143	3.13157	1.93747	20.5676	0	1	
1	6.12626	-0.311489	-7.71279	18.7041	0	0	
0	-10.6792	2.7905	2.01748	20.5676	0	1	
1	5.40264	-1.73607	-7.89901	18.7041	1	0	
0	-10.3854	2.22955	0.997956	20.5676	0	1	
1	5.96878	-1.95554	-8.01273	18.7041	0	0	
0	-10.2412	1.75067	0.977867	20.5676	0	1	
1	6.78173	-2.52303	-8.26784	18.7041	0	0	
0	-11.0534	1.88584	0.0594825	20.5676	0	1	
1	6.62502	-3.85851	-8.06657	18.7041	0	0	
0	-9.36895	2.04223	0.621113	20.5676	1	1	
1	4.93908	-5.38049	-7.38081	18.7041	0	0	
0	-10.2952	1.26237	0.681528	20.5676	0	1	
1	4.87397	-4.4851	-6.87783	18.7041	0	0	
0	-10.4212	1.60115	-1.04174	20.5676	0	1	
1	4.59691	-6.92958	-7.59002	18.7041	1	0	
0	-9.30465	-2.31037	-1.00303	20.5676	1	1	
1	4.18917	-7.27229	-7.09483	18.7041	0	0	
0	-8.77404	-2.97774	-0.826178	13.3117	0	1	
1	4.07674	-7.40807	-7.62378	92.1165	0	0	
0	-8.51042	-4.01722	-0.876157	13.3117	0	1	
1	3.88359	-7.40523	-7.98928	92.1165	0	0	
0	-7.57794	-4.5888	-1.69566	13.3117	0	1	
1	3.05623	-7.94888	-8.36131	92.1165	0	0	
0	-7.62048	-4.43349	-2.61295	13.3117	0	1	
1	2.99297	-7.188	-8.7466	92.1165	0	0	
0	-8.12953	-4.73587	-3.09747	13.3117	0	1	
1	3.18511	-7.03798	-8.9858	92.1165	0	0	
0	-11	-3.70965	-4.34106	13.3117	1	1	
1	3.36522	-6.10836	-9.00392	92.1165	0	0	
0	-12.744	-3.1755	-3.26797	13.3117	1	1	
1	3.10321	-5.3138	-8.05858	92.1165	0	0	
0	-12.5223	-2.94255	-4.20338	13.3117	0	1	
1	3.4002	-5.85006	-7.83138	92.1165	0	0	
0	-13.7751	-0.480502	-4.14481	13.3117	1	1	
1	3.0775	-5.92114	-7.55051	92.1165	0	0	
0	-13.7613	-0.378029	-3.74186	13.3117	0	1	
1	3.22916	-5.54993	-6.97894	92.1165	0	0	
0	-13.5938	-0.220868	-3.14	22.4683	0	1	
1	5.6448	-6.15236	-6.06801	74.6096	1	0	
0	-13.081	0.914424	-3.33374	22.4683	0	1	
1	10.6137	-6.76505	-6.13872	74.6096	2	0	
0	-13.7124	1.27859	-2.64347	22.4683	0	1	
1	13.5419	-5.37483	-6.09686	74.6096	1	0	
0	-13.9332	1.42638	-2.77654	22.4683	0	1	
1	12.8242	-5.40169	-5.88351	74.6096	0	0	
0	-14.0747	1.75268	-3.20944	22.4683	0	1	
1	13.1509	-6.07964	-5.84013	74.6096	0	0	
0	-14.1388	1.23454	-3.6566	22.4683	0	1	
1	12.8905	-5.76056	-5.24115	74.6096	0	0	
0	-13.5541	1.26672	-3.83085	22.4683	0	1	
1	13.9227	-3.43861	-4.4442	74.6096	1	0	
0	-14.7624	1.03394	-4.82788	22.4683	0	1	
1	13.3049	1.04304	-3.97891	74.6096	2	0	
0	-14.7232	0.374746	-4.77793	22.4683	0	1	
1	12.819	2.68429	-4.4126	74.6096	1	0	
0	-15.2391	-0.739172	-5.33327	22.4683	0	1	
1	12.6055	3.00051	-4.85619	74.6096	0	0	
0	-12.7263	0.762035	-5.3455	16.4522	1	1	
1	12.7207	3.82287	-4.90691	24.2991	0	0	
0	-10.548	1.8256	-5.49116	16.4522	1	1	
1	13.2438	4.06344	-4.38425	24.2991	0	0	
0	-10.6877	1.25406	-6.33895	16.4522	0	1	
1	12.9818	4.82839	-4.66351	24.2991	0	0	
0	-9.76006	0.494992	-6.10231	16.4522	1	1	
1	12.5596	5.96697	-4.90046	24.2991	0	0	
0	-9.96391	1.27639	-5.62339	16.4522	0	1	
1	12.4422	4.93576	-5.41146	24.2991	0	0	
0	-11.4295	0.44019	-6.94249	16.4522	0	1	
1	12.3587	4.43612	-4.80756	24.2991	0	0	
0	-9.4168	-1.23835	-8.55978	16.4522	1	1	
1	12.7198	3.71068	-5.07958	24.2991	0	0	
0	-10.7288	-1.41472	-7.41564	16.4522	0	1	
1	12.3801	3.68347	-4.42183	24.2991	0	0	
0	-11.2083	-0.38045	-7.70899	16.4522	0	1	
1	12.2215	3.9912	-3.62749	24.2991	0	0	
0	-11.2162	-1.01722	-7.3354	16.4522	0	1	
1	10.6496	4.9193	-3.41091	24.2991	1	0	
0	-11.5303	-1.72299	-8.18618	6.0629	0	1	
1	11.2001	6.36721	-2.61361	29.2169	0	0	
0	-11.148	-2.00971	-7.49392	6.0629	0	1	
1	5.82648	4.68044	-2.68526	29.2169	2	0	
0	-10.506	-2.39955	-6.59797	6.0629	0	1	
1	5.82624	4.88112	-2.64144	29.2169	0	0	
0	-9.95528	-3.41055	-6.17851	6.0629	0	1	
1	5.8221	6.30642	-2.39341	29.2169	0	0	
0	-7.36958	-4.31634	-6.54318	6.0629	1	1	
1	5.13816	5.07525	-2.09764	29.2169	1	0	
0	-6.11119	-4.68069	-5.77876	6.0629	0	1	
1	4.696	2.26557	-1.90731	29.2169	1	0	
0	-5.46057	-5.20642	-4.43354	6.0629	0	1	
1	3.7832	1.49471	-3.1294	29.2169	1	0	
0	-5.88773	-0.968274	-4.12872	6.0629	2	1	
1	2.69652	1.44845	-3.25035	29.2169	0	0	
0	-7.23828	1.15196	-4.43679	6.0629	1	1	
1	2.11061	0.950632	-4.03982	29.2169	0	0	
0	-7.96083	1.61193	-4.41302	6.0629	0	1	
1	1.83423	0.992389	-4.2789	29.2169	0	0	
0	-7.52221	1.67807	-4.47498	11.8828	0	1	
1	1.41274	0.909618	-5.77733	76.6987	0	0	
0	-8.03852	2.43497	-4.68356	11.8828	0	1	
1	6.84258	2.29177	-6.07975	76.6987	2	0	
0	-8.30393	3.22726	-5.39978	11.8828	0	1	
1	9.14581	1.72037	-6.94737	76.6987	1	0	
0	-9.2022	3.58617	-6.25471	11.8828	0	1	
1	11.2042	0.54714	-6.55687	76.6987	1	0	
0	-8.49087	4.20666	-4.98754	11.8828	0	1	
1	10.0328	0.379525	-7.58227	76.6987	0	0	
0	-7.59552	3.09326	-4.22401	11.8828	0	1	
1	8.89506	-0.726233	-7.52137	76.6987	1	0	
0	-7.82982	2.63103	-2.49607	11.8828	0	1	
1	9.06359	-0.775372	-7.89808	76.6987	0	0	
0	-10.1033	1.24383	-1.95655	11.8828	1	1	
1	8.83183	-0.608087	-7.27327	76.6987	0	0	
0	-11.1201	-0.749579	-1.69231	11.8828	1	1	
1	9.28502	-1.52303	-7.15495	76.6987	1	0	
0	-10.24	-2.39041	-1.85283	11.8828	0	1	
1	8.43547	-2.65049	-6.87413	76.6987	0	0	
0	-10.8055	-2.63493	-0.951297	13.421	0	1	
1	8.21081	-2.7075	-5.72132	12.6947	0	0	
0	-10.3946	-2.3002	-1.22689	13.421	0	1	
1	10.1378	-1.76824	-6.49209	12.6947	1	0	
0	-11.1185	-1.7665	-1.47402	13.421	0	1	
1	10.3891	-2.55899	-6.1833	12.6947	0	0	
0	-11.206	-1.24887	-2.86998	13.421	0	1	
1	9.97382	-2.91841	-5.90515	12.6947	0	0	
0	-11.8905	-1.73512	-2.5167	13.421	0	1	
1	10.6123	-2.58271	-5.72784	12.6947	1	0	
0	-12.4693	-2.03257	-2.62869	13.421	0	1	
1	12.5475	-1.76981	-5.39883	12.6947	1	0	
0	-11.3357	-1.03846	-3.2883	13.421	0	1	
1	12.676	-0.391761	-5.46845	12.6947	0	0	
0	-11.1978	-1.16393	-3.31951	13.421	0	1	
1	12.1014	0.31044	-5.37584	12.6947	0	0	
0	-11.2943	-1.82428	-4.25123	13.421	0	1	
1	11.4479	0.41809	-4.3028	12.6947	0	0	
0	-9.65339	1.1566	-5.1797	13.421	1	1	
1	10.5077	1.33082	-3.78076	12.6947	1	0	
0	-9.69212	0.908254	-5.70944	7.1157	0	1	
1	9.97815	2.90723	-4.34004	5.86053	0	0	
0	-9.22338	1.51894	-6.21844	7.1157	0	1	
1	11.0006	2.20357	-4.54798	5.86053	0	0	
0	-8.38126	2.09897	-6.37148	7.1157	0	1	
1	10.2162	0.586792	-4.98443	5.86053	0	0	
0	-8.42701	2.32473	-7.27941	7.1157	0	1	
1	9.7899	0.767027	-5.12324	5.86053	0	0	
0	-6.76364	1.06604	-7.11614	7.1157	1	1	
1	9.087	0.112035	-4.64564	5.86053	0	0	
0	-5.14714	1.63858	-6.85366	7.1157	0	1	
1	8.14304	-0.252401	-5.69728	5.86053	0	0	
0	-5.33999	2.03904	-7.20224	7.1157	0	1	
1	9.52668	0.130671	-5.40903	5.86053	1	0	
0	-5.86017	2.17095	-6.89033	7.1157	0	1	
1	10.0216	2.28863	-5.03527	5.86053	1	0	
0	-6.6253	2.22324	-7.15762	7.1157	0	1	
1	9.55092	1.38437	-5.07186	5.86053	0	0	
0	-6.24376	1.13853	-7.33708	7.1157	0	1	
1	8.11415	0.0164973	-4.7172	5.86053	0	0	
0	-6.35237	1.62862	-6.93981	20.3279	0	1	
1	9.20466	-0.514722	-5.09176	6.38725	0	0	
0	-4.76423	1.70774	-7.30729	20.3279	0	1	
1	8.93121	1.85025	-4.8265	6.38725	1	0	
0	-4.92993	1.40784	-7.40433	20.3279	0	1	
1	8.36624	1.75752	-4.65836	6.38725	0	0	
0	-4.19109	1.62066	-7.5039	20.3279	0	1	
1	7.92956	0.484664	-4.75481	6.38725	0	0	
0	-4.52995	0.800083	-7.62363	20.3279	0	1	
1	6.32226	1.19546	-5.08572	6.38725	0	0	
0	-3.17557	0.228186	-7.00176	20.3279	0	1	
1	5.35621	3.03653	-4.61917	6.38725	1	0	
0	-2.25301	1.25639	-7.38642	20.3279	0	1	
1	5.37679	3.71557	-5.12967	6.38725	0	0	
0	-2.39708	1.68874	-8.69208	20.3279	0	1	
1	4.45479	2.89747	-4.97973	6.38725	0	0	
0	-5.35258	-2.80474	-8.11119	20.3279	2	1	
1	4.42992	2.38408	-4.97146	6.38725	0	0	
0	-5.76461	-1.61961	-8.47211	20.3279	0	1	
1	3.55057	3.67805	-4.33824	6.38725	0	0	
0	-6.07262	-3.59317	-8.51251	19.7348	1	1	
1	2.71725	3.49951	-4.34348	63.9186	0	0	
0	-5.68974	-3.79387	-8.41042	19.7348	0	1	
1	1.84863	3.64268	-3.13823	63.9186	0	0	
0	-5.06323	-3.05661	-7.24568	19.7348	0	1	
1	1.96558	4.10056	-3.81033	63.9186	0	0	
0	-4.66365	-2.95578	-7.35128	19.7348	0	1	
1	2.31852	4.51421	-3.95042	63.9186	0	0	
0	-4.11921	-3.37738	-6.97054	19.7348	0	1	
1	2.18182	3.21087	-4.16655	63.9186	0	0	
0	-4.03969	-2.94141	-7.12811	19.7348	0	1	
1	0.29174	3.63364	-5.31096	63.9186	0	0	
0	-4.0179	-2.86698	-7.37842	19.7348	0	1	
1	0.428973	5.90298	-5.42781	63.9186	1	0	
0	-4.26791	-4.24765	-8.66499	19.7348	0	1	
1	1.69863	7.04123	-5.66658	63.9186	1	0	
0	-5.33785	-5.33413	-9.10517	19.7348	1	1	
1	3.20141	7.66032	-5.82412	63.9186	1	0	
0	-6.7588	-5.99051	-8.98958	19.7348	1	1	
1	5.25675	8.56654	-5.71614	63.9186	1	0	
0	-8.26257	-5.69488	-8.65265	47.8422	1	1	
1	5.6193	8.49253	-6.2349	100.19	0	0	
0	-7.96014	-4.65011	-9.02494	47.8422	0	1	
1	8.06952	8.59523	-6.65303	100.19	1	0	
0	-9.46393	-5.92904	-7.92182	47.8422	1	1	
1	10.749	6.17423	-6.5913	100.19	2	0	
0	-9.63622	-4.85396	-7.98215	47.8422	0	1	
1	11.7735	5.06726	-7.59981	100.19	1	0	
0	-10.2002	-4.84416	-7.63919	47.8422	0	1	
1	15.4139	1.24696	-6.79082	100.19	2	0	
0	-11.1133	-5.41651	-7.71944	47.8422	0	1	
1	16.4554	1.07415	-6.22523	100.19	0	0	
0	-11.389	-5.99063	-6.78048	47.8422	0	1	
1	16.6993	1.05668	-6.09371	100.19	0	0	
0	-10.2722	-5.9379	-7.32282	47.8422	0	1	
1	17.2678	1.49473	-6.3735	100.19	0	0	
0	-10.3643	-6.75039	-6.51131	47.8422	0	1	
1	17.7506	0.607453	-5.82011	100.19	0	0	
0	-9.50541	-5.73708	-5.84026	47.8422	0	1	
1	16.9655	1.03239	-5.56327	100.19	0	0	
0	-7.40071	-5.40213	-6.60651	29.1146	1	1	
1	16.673	1.69955	-5.71709	58.0906	0	0	
0	-8.37824	-5.72486	-7.12684	29.1146	0	1	
1	16.3933	1.23797	-6.25926	58.0906	0	0	
0	-8.76656	-5.89545	-6.10707	29.1146	0	1	
1	16.9305	1.16327	-6.02143	58.0906	0	0	
0	-9.35433	-6.75184	-5.88917	29.1146	0	1	
1	17.3058	1.26846	-6.50784	58.0906	0	0	
0	-7.08597	-6.41243	-6.27895	29.1146	1	1	
1	16.7538	1.56095	-6.91167	58.0906	0	0	
0	-8.09687	-6.19465	-5.62927	29.1146	0	1	
1	16.8971	1.25312	-7.32033	58.0906	0	0	
0	-7.11854	-5.0859	-5.95202	29.1146	1	1	
1	17.2666	0.75728	-7.28989	58.0906	0	0	
0	-6.13885	-3.82811	-7.40498	29.1146	0	1	
1	16.8755	2.19247	-5.80114	58.0906	0	0	
0	-5.54208	-3.19519	-7.68057	29.1146	0	1	
1	15.6291	3.01159	-5.4481	58.0906	0	0	
0	-5.34345	-2.93647	-7.76001	29.1146	0	1	
1	14.5085	2.33177	-6.05961	58.0906	0	0	
0	-5.82459	-3.75335	-7.38924	38.8761	0	1	
1	13.7669	1.55293	-5.36252	34.7948	0	0	
0	-5.77131	-3.46582	-7.17354	38.8761	0	1	
1	13.8323	0.504846	-5.61786	34.7948	0	0	
0	-5.73195	-3.94638	-7.334	38.8761	0	1	
1	13.3985	0.756358	-5.10361	34.7948	0	0	
0	-6.38473	-4.5553	-7.7095	38.8761	0	1	
1	13.5497	1.87023	-4.8992	34.7948	0	0	
0	-6.14571	-5.24476	-6.57503	38.8761	0	1	
1	13.0014	1.97871	-5.59965	34.7948	0	0	
0	-4.98333	-4.65239	-6.17746	38.8761	0	1	
1	12.9988	2.26169	-5.18134	34.7948	0	0	
0	-5.19558	-3.06435	-6.035	38.8761	0	1	
1	14.0769	2.79495	-4.1682	34.7948	0	0	
0	-5.08006	-3.03029	-5.81996	38.8761	0	1	
1	14.785	2.94023	-4.10639	34.7948	0	0	
0	-5.20992	-2.63997	-4.69169	38.8761	0	1	
1	14.2177	3.90831	-4.65308	34.7948	1	0	
0	-4.21673	-0.487574	-4.82855	38.8761	1	1	
1	14.0125	4.14173	-4.7002	34.7948	0	0	
0	-4.25384	0.0102319	-5.25868	37.298	0	1	
1	14.3253	3.28542	-4.43158	42.2545	0	0	
0	-4.0406	0.569553	-5.04084	37.298	0	1	
1	14.4032	3.13696	-3.42968	42.2545	0	0	
0	-3.73081	0.842806	-5.51438	37.298	0	1	
1	12.1665	3.33028	-3.31342	42.2545	1	0	
0	-3.18005	0.92635	-5.84142	37.298	0	1	
1	11.0814	3.52887	-2.43903	42.2545	1	0	
0	-2.90124	-0.0222544	-7.17015	37.298	0	1	
1	10.21	0.996073	-1.02062	42.2545	1	0	
0	-1.04803	0.888749	-6.89789	37.298	0	1	
1	10.9616	-0.384234	-0.786437	42.2545	1	0	
0	-0.826683	1.1817	-6.20548	37.298	0	1	
1	11.2828	0.498257	-0.505286	42.2545	0	0	
0	-0.441945	1.70732	-8.10476	37.298	0	1	
1	10.7725	0.370701	-0.9889	42.2545	0	0	
0	-1.0488	-0.705505	-7.92703	37.298	1	1	
1	10.9094	0.778509	-1.25766	42.2545	0	0	
0	-1.36601	-0.758753	-7.63045	37.298	0	1	
1	11.4493	-0.106171	-1.83588	42.2545	1	0	
0	-1.85737	-0.531116	-6.87434	83.072	0	1	
1	10.2109	-1.5497	-2.06276	4.07095	1	0	
0	-1.78667	1.02236	-7.81475	83.072	0	1	
1	10.2266	-1.1086	-1.24612	4.07095	0	0	
0	-0.999553	-1.03398	-7.32018	83.072	1	1	
1	10.7491	-2.16013	-1.20913	4.07095	0	0	
0	-0.911403	-0.968076	-6.99634	83.072	0	1	
1	10.8694	-3.14387	0.335074	4.07095	0	0	
0	0.238713	-1.02512	-7.07192	83.072	0	1	
1	13.1982	-2.65306	0.521039	4.07095	1	0	
0	0.228726	-1.46102	-7.22562	83.072	0	1	
1	13.3646	-2.72117	1.11423	4.07095	0	0	
0	1.02273	-0.378119	-7.46196	83.072	0	1	
1	14.0112	-2.10727	1.16423	4.07095	1	0	
0	1.5847	-0.163493	-6.78552	83.072	0	1	
1	15.7467	0.0318063	1.17737	4.07095	1	0	
0	1.63939	-0.53509	-7.70583	83.072	0	1	
1	14.7041	0.835303	0.888518	4.07095	0	0	
0	1.48364	0.503093	-7.85241	83.072	0	1	
1	15.9913	0.983572	0.682748	4.07095	0	0	
0	0.773193	-0.56546	-8.70748	133.37	1	1	
1	15.4284	1.11285	0.357305	45.8917	0	0	
0	-1.38825	-4.56732	-8.17405	133.37	2	1	
1	15.7467	1.02809	0.135551	45.8917	0	0	
0	-1.12769	-4.19143	-7.22818	133.37	0	1	
1	16.6729	0.140804	-0.374701	45.8917	0	0	
0	-0.0145272	-3.72205	-7.50488	133.37	0	1	
1	16.9127	0.500961	-0.666664	45.8917	0	0	
0	-0.255527	-3.21428	-7.25686	133.37	0	1	
1	17.2793	0.904468	-2.61639	45.8917	0	0	
0	-0.220063	-3.47617	-7.3505	133.37	0	1	
1	12.4465	0.946183	-3.56365	45.8917	2	0	
0	0.0142835	-2.43122	-8.28152	133.37	0	1	
1	11.2341	0.534824	-3.98545	45.8917	1	0	
0	-1.32183	-3.44464	-9.42636	133.37	1	1	
1	11.0164	2.54166	-4.47962	45.8917	1	0	
0	-6.11849	-5.32026	-9.17779	133.37	2	1	
1	10.7927	2.31629	-3.92916	45.8917	0	0	
0	-8.17712	-5.8471	-10.2589	133.37	1	1	
1	9.88055	2.70373	-4.13193	45.8917	0	0	
0	-12.5514	-3.07798	-9.37965	15.4191	2	1	
1	10.2819	1.97337	-3.69915	14.9454	0	0	
0	-12.9524	-3.08847	-10.0657	15.4191	0	1	
1	11.0244	2.48419	-3.69593	14.9454	0	0	
0	-13.1105	-1.95941	-9.74398	15.4191	0	1	
1	10.2587	2.86366	-2.98793	14.9454	0	0	
0	-12.9034	-2.71446	-9.77946	15.4191	0	1	
1	9.22857	2.02291	-3.30452	14.9454	1	0	
0	-13.2732	-2.55711	-10.6689	15.4191	0	1	
1	9.92944	1.81162	-3.52847	14.9454	0	0	
0	-15.75	0.324749	-9.37953	15.4191	1	1	
1	11.0863	1.93963	-4.42554	14.9454	0	0	
0	-15.9592	-0.431291	-10.0945	15.4191	0	1	
1	10.2979	2.20074	-4.99421	14.9454	0	0	
0	-15.7043	0.10409	-10.3443	15.4191	0	1	
1	10.7859	2.54729	-5.89136	14.9454	0	0	
0	-15.0789	-1.40914	-10.3709	15.4191	0	1	
1	11.2339	3.08697	-6.30272	14.9454	0	0	
0	-15.4749	-2.56712	-9.78154	15.4191	0	1	
1	11.4315	3.49662	-6.23615	14.9454	0	0	
0	-16.3889	-2.53697	-9.80357	45.6144	0	1	
1	12.2319	3.3701	-6.54389	20.6631	0	0	
0	-16.8632	-3.17614	-8.71205	45.6144	0	1	
1	11.8663	1.97797	-5.96433	20.6631	0	0	
0	-16.2954	-4.74382	-9.22179	45.6144	0	1	
1	12.4766	2.01953	-5.8471	20.6631	0	0	
0	-16.0966	-4.09201	-9.63976	45.6144	0	1	
1	11.9771	2.73154	-6.02097	20.6631	0	0	
0	-17.0579	-4.18423	-9.88859	45.6144	0	1	
1	12.1174	2.64215	-5.1276	20.6631	0	0	
0	-18.3497	-4.31777	-10.6037	45.6144	0	1	
1	12.007	3.13459	-4.79307	20.6631	0	0	
0	-17.9172	-3.35618	-11.0966	45.6144	1	1	
1	11.8934	2.88871	-4.15417	20.6631	0	0	
0	-16.8528	1.55326	-11.2735	45.6144	2	1	
1	11.8902	3.1496	-4.96667	20.6631	0	0	
0	-15.8283	2.15254	-11.6044	45.6144	1	1	
1	12.1336	3.35798	-5.30584	20.6631	0	0	
0	-14.2948	1.3414	-13.6698	45.6144	1	1	
1	13.0476	2.72412	-4.76917	20.6631	0	0	
0	-13.8534	-0.188241	-13.6749	11.2192	1	1	
1	12.5824	3.39588	-6.0699	24.9995	0	0	
0	-11.981	-3.05996	-13.7644	11.2192	1	1	
1	14.4408	4.20452	-6.03762	24.9995	0	0	
0	-10.8963	-2.97929	-14.4166	11.2192	0	1	
1	14.1755	3.99783	-6.49692	24.9995	0	0	
0	-10.514	-3.55688	-14.3643	11.2192	0	1	
1	14.3083	2.5156	-6.75465	24.9995	0	0	
0	-10.1712	-3.29025	-14.6185	11.2192	0	1	
1	13.3802	2.95641	-6.86512	24.9995	0	0	
0	-10.8854	-2.98656	-13.9225	11.2192	0	1	
1	12.6425	3.74352	-7.02677	24.9995	0	0	
0	-11.2735	-2.33062	-13.0111	11.2192	0	1	
1	13.9384	1.60158	-7.01064	24.9995	1	0	
0	-9.89314	-1.05934	-12.5432	11.2192	1	1	
1	13.2609	0.860518	-6.90918	24.9995	0	0	
0	-11.0791	-0.251535	-11.8296	11.2192	0	1	
1	13.097	1.04209	-6.34557	24.9995	0	0	
0	-10.9311	1.98881	-11.672	11.2192	1	1	
1	13.2256	1.35185	-6.59032	24.9995	0	0	
0	-10.8157	1.84129	-12.386	10.0407	0	1	
1	13.5406	0.490846	-6.93917	20.2338	0	0	
0	-9.20517	1.49701	-13.2251	10.0407	1	1	
1	13.8615	0.68022	-7.6009	20.2338	0	0	
0	-7.80117	-0.912166	-14.1458	10.0407	1	1	
1	13.7696	1.2747	-7.53537	20.2338	0	0	
0	-7.00808	-0.264638	-13.5194	10.0407	0	1	
1	13.8829	-0.215192	-8.95128	20.2338	1	0	
0	-7.4968	-1.03036	-13.3964	10.0407	0	1	
1	12.1973	-2.29659	-8.8849	20.2338	1	0	
0	-7.29271	0.242411	-13.8114	10.0407	0	1	
1	10.8592	-4.10674	-9.60348	20.2338	1	0	
0	-8.5597	-0.0423411	-14.2933	10.0407	0	1	
1	9.29305	-2.8033	-10.2494	20.2338	1	0	
0	-8.76338	-1.90086	-15.2167	10.0407	1	1	
1	8.28596	-1.41009	-10.4961	20.2338	1	0	
0	-11.7506	-3.31129	-14.5565	10.0407	1	1	
1	7.53884	0.0613903	-10.6686	20.2338	1	0	
0	-11.836	-4.41356	-14.3999	10.0407	0	1	
1	7.52911	-0.702704	-11.4358	20.2338	0	0	
0	-11.4477	-3.96774	-13.564	32.129	0	1	
1	8.33714	0.324143	-11.358	3.72883	1	0	
0	-11.7915	-4.74006	-14.4125	32.129	0	1	
1	9.55036	2.91046	-11.5736	3.72883	1	0	
0	-12.2824	-5.67202	-13.5461	32.129	0	1	
1	9.82476	3.24361	-11.4142	3.72883	0	0	
0	-12.4068	-6.59949	-12.7261	32.129	0	1	
1	10.1824	2.36266	-11.678	3.72883	0	0	
0	-11.0097	-7.75141	-12.5248	32.129	1	1	
1	9.64581	3.46243	-11.9985	3.72883	0	0	
0	-7.83516	-8.15912	-12.2193	32.129	1	1	
1	9.14026	3.78287	-11.915	3.72883	0	0	
0	-6.12436	-7.88423	-12.9875	32.129	1	1	
1	8.49691	3.65305	-11.8817	3.72883	0	0	
0	-6.07615	-7.60462	-13.0385	32.129	0	1	
1	7.36318	4.18503	-12.0008	3.72883	0	0	
0	-6.19031	-7.26239	-13.4357	32.129	0	1	
1	7.58387	3.92046	-12.6552	3.72883	0	0	
0	-6.75197	-6.93609	-14.8702	32.129	0	1	
1	9.43533	4.30849	-12.3068	3.72883	1	0	
0	-5.89379	-7.0892	-13.5812	66.9298	0	1	
1	9.65926	4.85402	-11.6257	23.3329	0	0	
0	-5.90695	-6.9062	-13.8109	66.9298	0	1	
1	8.57695	4.89505	-12.1487	23.3329	0	0	
0	-6.19218	-6.69714	-13.8562	66.9298	0	1	
1	8.07023	4.57879	-12.5287	23.3329	0	0	
0	-5.2424	-6.29228	-14.4606	66.9298	0	1	
1	7.5202	6.44103	-10.9081	23.3329	1	0	
0	-5.41765	-7.05501	-14.6045	66.9298	0	1	
1	8.89279	7.58067	-11.8049	23.3329	0	0	
0	-5.95953	-7.95866	-13.5912	66.9298	0	1	
1	7.87621	7.78244	-12.5114	23.3329	0	0	
0	-5.1501	-7.86011	-13.1238	66.9298	0	1	
1	10.5731	8.21291	-12.899	23.3329	1	0	
0	-5.65188	-7.08295	-12.9242	66.9298	0	1	
1	11.7458	5.71289	-13.6714	23.3329	1	0	
0	-5.89452	-6.82831	-12.7701	66.9298	0	1	
1	12.0975	1.42367	-14.6242	23.3329	2	0	
0	-5.06301	-7.24601	-13.416	66.9298	0	1	
1	11.9391	-0.616664	-14.5357	23.3329	1	0	
0	-4.68387	-6.96027	-12.6478	80.73	0	1	
1	11.8978	-0.196789	-15.5631	6.40383	1	0	
0	-4.71668	-7.23288	-11.4936	80.73	0	1	
1	9.98843	-0.72863	-15.5502	6.40383	1	0	
0	-5.43214	-6.44912	-11.2796	80.73	1	1	
1	9.64718	-0.195666	-14.7962	6.40383	0	0	
0	-5.18857	-1.47786	-10.8416	80.73	2	1	
1	9.67814	0.309323	-12.9009	6.40383	0	0	
0	-5.86504	0.240327	-10.703	80.73	1	1	
1	11.4248	0.0929765	-11.787	6.40383	1	0	
0	-6.06628	2.43011	-11.3849	80.73	1	1	
1	12.2501	0.0814681	-11.2902	6.40383	0	0	
0	-4.91048	2.21019	-11.1305	80.73	0	1	
1	12.6083	0.00129974	-11.4921	6.40383	0	0	
0	-4.6865	2.85271	-11.3034	80.73	0	1	
1	12.5354	-0.125792	-11.8993	6.40383	0	0	
0	-4.75353	2.72381	-9.92999	80.73	0	1	
1	12.0725	-0.104816	-11.8535	6.40383	0	0	
0	-6.61096	2.98594	-9.32602	80.73	1	1	
1	12.144	0.359051	-11.6121	6.40383	0	0	
0	-7.90681	1.91107	-7.88954	8.7964	1	1	
1	12.3056	0.897493	-11.4519	11.1004	0	0	
0	-9.19903	-0.276059	-8.87401	8.7964	1	1	
1	13.4883	0.564681	-12.8192	11.1004	0	0	
0	-12.1135	-0.487582	-9.37998	8.7964	1	1	
1	13.0433	0.0536703	-13.2381	11.1004	0	0	
0	-11.7775	-1.7115	-10.377	8.7964	0	1	
1	13.4744	-0.396413	-13.7321	11.1004	0	0	
0	-13.5649	0.545544	-10.8053	8.7964	1	1	
1	13.8765	0.34889	-14.2521	11.1004	0	0	
0	-12.7819	0.298092	-9.71253	8.7964	0	1	
1	13.1038	-2.14835	-14.0158	11.1004	1	0	
0	-13.2059	0.0294225	-9.90032	8.7964	0	1	
1	13.2318	-2.77204	-15.5032	11.1004	0	0	
0	-14.6063	0.501482	-9.56326	8.7964	0	1	
1	12.2364	-4.07846	-14.9594	11.1004	1	0	
0	-14.8683	-0.276346	-10.5586	8.7964	0	1	
1	12.5287	-3.80623	-15.3343	11.1004	0	0	
0	-15.5527	0.427616	-11.2634	8.7964	0	1	
1	11.1095	-5.0251	-15.4769	11.1004	1	0	
0	-13.9586	1.0314	-11.3963	30.6675	1	1	
1	11.5362	-4.97905	-15.789	29.4782	0	0	
0	-11.7213	2.62843	-11.8265	30.6675	1	1	
1	10.019	-4.59446	-16.0818	29.4782	1	0	
0	-11.417	2.44241	-11.5686	30.6675	0	1	
1	8.35013	-4.13733	-15.8395	29.4782	1	0	
0	-9.795	2.93677	-11.3248	30.6675	0	1	
1	7.89354	-4.47775	-15.6109	29.4782	0	0	
0	-10.4209	3.17755	-11.2057	30.6675	0	1	
1	6.76811	-3.52422	-14.5713	29.4782	0	0	
0	-11.1307	2.81296	-10.8261	30.6675	0	1	
1	7.79755	-3.77106	-14.8141	29.4782	0	0	
0	-11.8753	2.36016	-11.8133	30.6675	0	1	
1	7.43892	-3.44893	-14.4375	29.4782	0	0	
0	-12.9437	2.65749	-11.3352	30.6675	0	1	
1	8.21472	-3.73782	-13.6361	29.4782	0	0	
0	-13.5411	3.33877	-10.918	30.6675	0	1	
1	8.4564	-2.86901	-13.5602	29.4782	0	0	
0	-13.6186	3.46904	-10.4106	30.6675	0	1	
1	8.46653	-2.73666	-12.5231	29.4782	0	0	
0	-12.9391	3.00733	-11.078	34.0735	0	1	
1	9.74249	-1.11816	-11.8139	7.19002	1	0	
0	-12.6656	3.10161	-10.0443	34.0735	0	1	
1	11.5911	-0.927547	-13.5119	7.19002	1	0	
0	-13.0172	3.57939	-10.9556	34.0735	0	1	
1	10.6599	0.0593936	-13.777	7.19002	0	0	
0	-12.2474	3.74087	-11.3318	34.0735	0	1	
1	11.5897	-0.816304	-13.1484	7.19002	0	0	
0	-11.6854	4.20212	-11.5533	34.0735	0	1	
1	11.2089	-0.0997775	-13.4219	7.19002	0	0	
0	-11.4836	3.45475	-11.9924	34.0735	0	1	
1	10.7927	0.146451	-12.7283	7.19002	0	0	
0	-11.4195	2.45385	-11.2342	34.0735	0	1	
1	11.4394	-0.554396	-12.6362	7.19002	0	0	
0	-11.765	3.03307	-10.5164	34.0735	0	1	
1	11.5972	0.534491	-12.4952	7.19002	0	0	
0	-11.9279	2.79795	-9.35794	34.0735	0	1	
1	12.0823	0.230802	-12.119	7.19002	0	0	
0	-11.8662	1.77746	-10.0795	34.0735	0	1	
1	11.8583	0.241717	-11.8338	7.19002	0	0	
0	-12.0348	1.989	-10.4464	14.4815	0	1	
1	11.7057	0.221589	-13.1405	9.8459	0	0	
0	-12.3589	1.20495	-10.2375	14.4815	0	1	
1	12.8043	1.45544	-12.5479	9.8459	0	0	
0	-13.1029	0.919148	-9.32616	14.4815	0	1	
1	13.6379	0.732848	-13.0461	9.8459	0	0	
0	-13.7817	1.88043	-9.41021	14.4815	0	1	
1	14.2099	-0.0235699	-14.5835	9.8459	0	0	
0	-13.6715	3.1141	-9.48741	14.4815	0	1	
1	14.3196	-2.06327	-14.0288	9.8459	1	0	
0	-12.8064	2.32718	-9.30139	14.4815	0	1	
1	13.8326	-1.65649	-13.7009	9.8459	0	0	
0	-12.7296	2.26525	-8.4518	14.4815	0	1	
1	13.5284	-1.36769	-14.375	9.8459	0	0	
0	-13.6008	1.07917	-8.58926	14.4815	1	1	
1	14.6006	-1.91385	-13.6299	9.8459	0	0	
0	-12.7217	1.69449	-8.02795	14.4815	0	1	
1	14.0506	-2.36901	-13.8312	9.8459	0	0	
0	-11.4754	-0.981116	-7.33478	14.4815	1	1	
1	13.5295	-1.43159	-12.8182	9.8459	0	0	
0	-11.3195	-0.406548	-8.41676	6.26077	0	1	
1	13.5046	-1.18372	-13.0372	23.4219	0	0	
0	-10.9163	0.944945	-8.26812	6.26077	0	1	
1	14.1443	-1.23291	-13.6726	23.4219	0	0	
0	-11.6111	-0.666122	-8.21249	6.26077	1	1	
1	14.7375	-1.43922	-14.5025	23.4219	0	0	
0	-11.6874	-1.03662	-6.9045	6.26077	0	1	
1	13.4733	-1.5183	-15.0325	23.4219	1	0	
0	-10.6358	-3.05214	-7.40569	6.26077	1	1	
1	12.7529	-1.4372	-14.9937	23.4219	1	0	
0	-10.4396	-3.32497	-6.62	6.26077	0	1	
1	11.6945	-2.87661	-15.3899	23.4219	1	0	
0	-10.5135	-3.45054	-7.33352	6.26077	0	1	
1	11.4441	-3.5229	-13.8982	23.4219	1	0	
0	-10.2698	-3.9161	-7.49221	6.26077	0	1	
1	10.6902	-2.99944	-13.9423	23.4219	0	0	
0	-10.4749	-4.57125	-7.48463	6.26077	0	1	
1	10.7064	-2.6158	-13.3891	23.4219	0	0	
0	-10.3281	-5.25403	-8.64243	6.26077	0	1	
1	9.78257	-2.53	-13.5277	23.4219	0	0	
0	-9.71518	-5.98932	-7.85649	36.7176	0	1	
1	10.8359	-2.61649	-13.9786	13.4909	0	0	
0	-10.7092	-5.20328	-6.68549	36.7176	0	1	
1	8.7125	-1.61492	-14.0786	13.4909	0	0	
0	-10.3809	-4.85679	-6.95625	36.7176	0	1	
1	9.12392	-0.229658	-14.423	13.4909	0	0	
0	-10.1991	-4.84059	-7.10862	36.7176	0	1	
1	9.22583	0.0442544	-12.6075	13.4909	0	0	
0	-10.9718	-4.52983	-7.20967	36.7176	0	1	
1	10.3301	1.11912	-12.4101	13.4909	1	0	
0	-10.5898	-4.76989	-8.20828	36.7176	0	1	
1	10.1013	0.780878	-13.4805	13.4909	0	0	
0	-10.9282	-4.65783	-7.37288	36.7176	0	1	
1	10.1209	-0.515219	-13.9556	13.4909	1	0	
0	-11.3743	-4.0645	-7.96154	36.7176	0	1	
1	9.44948	-1.10788	-13.9257	13.4909	0	0	
0	-10.4048	-4.91205	-8.05815	36.7176	0	1	
1	10.2891	-1.22954	-12.3936	13.4909	0	0	
0	-10.231	-4.83163	-7.25294	36.7176	0	1	
1	11.1195	-1.34732	-13.286	13.4909	0	0	
0	-11.0685	-4.49484	-7.51142	32.2467	0	1	
1	11.6414	-1.29752	-13.4956	9.68924	0	0	
0	-10.8445	-4.91895	-7.66911	32.2467	0	1	
1	11.6261	-0.707139	-12.1534	9.68924	0	0	
0	-12.2704	-4.92147	-8.22727	32.2467	0	1	
1	11.7981	0.718145	-12.0988	9.68924	0	0	
0	-12.5536	-4.72786	-8.23806	32.2467	0	1	
1	12.5811	0.925764	-11.7931	9.68924	0	0	
0	-13.7843	-4.11688	-8.84614	32.2467	0	1	
1	13.5081	0.880409	-11.7814	9.68924	0	0	
0	-13.5351	-3.45886	-9.21535	32.2467	0	1	
1	13.8051	1.10328	-10.7888	9.68924	0	0	
0	-14.507	-4.2349	-8.90457	32.2467	0	1	
1	14.033	1.85614	-10.02	9.68924	0	0	
0	-15.5164	-4.31445	-8.14093	32.2467	0	1	
1	11.1907	3.88241	-9.44812	9.68924	1	0	
0	-14.8871	-3.28958	-7.74278	32.2467	0	1	
1	7.92007	4.78417	-9.74433	9.68924	1	0	
0	-14.5045	-2.5621	-8.10674	32.2467	0	1	
1	7.37324	5.66948	-10.245	9.68924	0	0	
0	-13.7392	-2.60693	-7.51935	35.7158	0	1	
1	6.98791	5.72679	-10.041	47.5196	0	0	
0	-13.449	-2.1196	-8.18186	35.7158	0	1	
1	5.24093	6.11661	-9.76183	47.5196	0	0	
0	-14.4881	-1.09098	-9.32824	35.7158	0	1	
1	5.42709	6.65644	-10.7361	47.5196	0	0	
0	-14.3446	-1.73321	-9.56874	35.7158	0	1	
1	5.51304	7.1876	-11.2834	47.5196	0	0	
0	-15.155	-2.32386	-8.35811	35.7158	0	1	
1	5.71849	7.07383	-10.7531	47.5196	0	0	
0	-15.5732	-2.99486	-9.12013	35.7158	0	1	
1	6.09968	7.57346	-10.5069	47.5196	0	0	
0	-14.7469	-3.26371	-8.50736	35.7158	0	1	
1	5.41727	7.56602	-10.0623	47.5196	0	0	
0	-15.4368	-3.17669	-8.36588	35.7158	0	1	
1	4.75334	8.46218	-10.6674	47.5196	0	0	
0	-15.3581	-2.93538	-9.00384	35.7158	0	1	
1	4.5922	8.9529	-11.6567	47.5196	0	0	
0	-15.9249	-2.93183	-8.31887	35.7158	0	1	
1	5.15378	8.66345	-12.1578	47.5196	0	0	
0	-15.3371	-3.15384	-7.57259	52.632	0	1	
1	6.97847	9.74071	-11.6613	98.0564	1	0	
0	-16.1914	-3.3807	-7.24239	52.632	0	1	
1	6.03972	9.64126	-11.5155	98.0564	0	0	
0	-14.6457	-5.07374	-7.7442	52.632	1	1	
1	5.21531	9.02218	-11.9742	98.0564	0	0	
0	-14.0734	-5.24168	-7.20976	52.632	0	1	
1	6.28607	8.77858	-11.2986	98.0564	0	0	
0	-13.9564	-5.71504	-7.10946	52.632	0	1	
1	5.69035	8.50439	-12.6307	98.0564	0	0	
0	-12.615	-6.34823	-8.29347	52.632	0	1	
1	10.5105	8.10454	-12.8118	98.0564	2	0	
0	-13.6256	-6.72101	-8.04373	52.632	0	1	
1	11.6589	7.17751	-12.9761	98.0564	1	0	
0	-13.518	-6.77429	-7.99772	52.632	0	1	
1	14.3481	5.03899	-13.251	98.0564	1	0	
0	-14.0221	-6.42711	-8.87917	52.632	0	1	
1	14.9703	4.6209	-13.9506	98.0564	0	0	
0	-13.5957	-6.76409	-8.46521	52.632	0	1	
1	16.6194	1.83087	-13.6813	98.0564	1	0	
0	-14.8597	-6.96116	-8.87223	65.0457	0	1	
1	15.9976	2.01337	-13.9289	53.122	0	0	
0	-14.691	-7.12856	-8.65325	65.0457	0	1	
1	17.1641	-0.35659	-14.1816	53.122	1	0	
0	-15.3416	-6.55545	-8.53005	65.0457	0	1	
1	17.2652	-0.871556	-13.0088	53.122	1	0	
0	-16.4836	-7.66695	-8.16761	65.0457	0	1	
1	17.7598	-0.310399	-13.0437	53.122	0	0	
0	-17.0756	-8.82529	-10.6324	65.0457	0	1	
1	16.4149	-0.0302716	-13.4688	53.122	0	0	
0	-17.8695	-4.85823	-10.6052	65.0457	2	1	
1	15.4407	0.169206	-12.9616	53.122	0	0	
0	-20.0387	-4.79799	-9.22614	65.0457	1	1	
1	16.4923	1.26488	-13.1185	53.122	0	0	
0	-20.1675	-4.14433	-9.21828	65.0457	0	1	
1	16.439	1.71996	-12.0417	53.122	0	0	
0	-20.0326	-3.9329	-9.67184	65.0457	0	1	
1	15.7105	0.636657	-12.3819	53.122	0	0	
0	-20.5768	-4.10572	-9.62175	65.0457	0	1	
1	15.9014	0.0607957	-12.6052	53.122	0	0	
0	-20.1596	-4.19765	-9.14781	130.02	0	1	
1	15.9253	-0.236804	-12.4081	43.5102	0	0	
0	-20.511	-4.00735	-8.93613	130.02	0	1	
1	16.3103	-1.43373	-12.2759	43.5102	0	0	
0	-21.2866	-4.70439	-8.72181	130.02	0	1	
1	16.0722	-2.77608	-11.1832	43.5102	0	0	
0	-21.3396	-4.17563	-8.53408	130.02	0	1	
1	16.8984	-0.999271	-11.6303	43.5102	1	0	
0	-21.8405	-2.91989	-8.7752	130.02	0	1	
1	16.8697	-1.79369	-11.5195	43.5102	0	0	
0	-21.9543	-3.61552	-8.41407	130.02	0	1	
1	17.323	-2.63742	-11.2876	43.5102	0	0	
0	-22.1714	-3.46149	-8.82531	130.02	0	1	
1	18.4223	-0.502335	-11.7426	43.5102	1	0	
0	-23.2945	-4.24782	-8.69701	130.02	0	1	
1	17.8557	-0.124929	-11.4814	43.5102	0	0	
0	-24.0943	-5.05128	-8.75911	130.02	0	1	
1	17.4541	0.739859	-10.9474	43.5102	0	0	
0	-24.2354	-6.02597	-7.793	130.02	0	1	
1	17.9877	1.17584	-11.9538	43.5102	0	0	
0	-23.1284	-6.40944	-7.63174	247.774	0	1	
1	18.785	0.744485	-11.8588	72.0503	0	0	
0	-22.8187	-6.57706	-6.96214	247.774	0	1	
1	18.4507	2.81587	-11.2551	72.0503	0	0	
0	-18.2808	-8.13276	-6.03402	247.774	2	1	
1	18.8883	3.42422	-11.4704	72.0503	0	0	
0	-12.7183	-7.89329	-6.70327	247.774	2	1	
1	19.9759	3.91208	-11.5963	72.0503	0	0	
0	-12.4349	-8.80099	-7.24177	247.774	0	1	
1	19.6429	5.10182	-11.5373	72.0503	0	0	
0	-11.8449	-8.70108	-7.19113	247.774	0	1	
1	19.8584	5.46345	-11.3339	72.0503	0	0	
0	-11.9801	-8.61132	-6.37364	247.774	0	1	
1	19.7085	5.19034	-10.8467	72.0503	0	0	
0	-9.30687	-9.15828	-5.7634	247.774	1	1	
1	19.351	5.15521	-10.5973	72.0503	0	0	
0	-5.54826	-5.8037	-5.2459	247.774	2	1	
1	20.1359	4.23293	-9.89129	72.0503	0	0	
0	-5.19415	-4.15737	-4.22084	247.774	1	1	
1	15.7637	4.70225	-9.0959	72.0503	2	0	
0	-7.91919	0.30842	-4.05538	15.8303	2	1	
1	12.3677	2.40136	-8.86011	24.0714	2	0	
0	-8.54158	2.62146	-4.16049	15.8303	1	1	
1	11.4708	0.0313794	-9.32891	24.0714	1	0	
0	-8.09581	2.07705	-3.79252	15.8303	0	1	
1	9.9427	-1.52038	-7.90774	24.0714	1	0	
0	-9.97193	1.80909	-2.29721	15.8303	1	1	
1	9.73986	-2.03835	-8.5363	24.0714	0	0	
0	-11.6427	0.212868	-2.18625	15.8303	1	1	
1	9.94889	-1.53172	-9.05761	24.0714	0	0	
0	-12.3037	-0.423179	-2.75737	15.8303	0	1	
1	10.2821	-2.12413	-8.60529	24.0714	0	0	
0	-11.9109	-0.462314	-4.09076	15.8303	0	1	
1	10.4823	-2.32123	-8.33549	24.0714	0	0	
0	-11.7814	-0.354731	-3.74347	15.8303	0	1	
1	10.4629	-1.41535	-8.35528	24.0714	0	0	
0	-11.6489	-0.806277	-4.06437	15.8303	0	1	
1	11.0804	-2.13395	-7.94183	24.0714	0	0	
0	-11.8399	-1.76923	-2.87654	15.8303	0	1	
1	10.3667	-1.97264	-8.29282	24.0714	0	0	
0	-13.0378	-1.14766	-2.74257	13.9932	0	1	
1	10.21	-2.70357	-7.94358	10.5027	0	0	
0	-12.8859	-2.30005	-3.16081	13.9932	0	1	
1	11.3578	-2.61171	-7.33249	10.5027	0	0	
0	-11.2605	-1.5889	-3.21855	13.9932	0	1	
1	12.3259	-2.9549	-7.99734	10.5027	0	0	
0	-10.5384	-1.17102	-3.57143	13.9932	0	1	
1	12.3161	-3.45362	-8.74367	10.5027	0	0	
0	-10.3118	-1.25308	-2.96406	13.9932	0	1	
1	11.6815	-2.56617	-8.35721	10.5027	0	0	
0	-9.94825	-1.51205	-2.62197	13.9932	0	1	
1	11.6656	-3.01395	-7.94825	10.5027	0	0	
0	-10.192	-1.50979	-1.91664	13.9932	0	1	
1	11.7029	-3.8948	-7.54427	10.5027	0	0	
0	-8.40134	-0.577355	-1.52304	13.9932	0	1	
1	11.692	-2.74788	-8.33901	10.5027	0	0	
0	-8.47437	-0.215497	-0.803801	13.9932	0	1	
1	12.1429	-3.41422	-8.74807	10.5027	0	0	
0	-9.41423	-1.8377	-1.56377	13.9932	0	1	
1	12.0029	-3.6084	-9.22044	10.5027	0	0	
0	-9.41749	-2.48511	-1.36472	10.5508	0	1	
1	9.05442	-2.2983	-10.2242	16.0429	1	0	
0	-10.4165	-2.03993	-1.56514	10.5508	0	1	
1	6.45875	-1.05442	-10.3276	16.0429	1	0	
0	-10.0818	-2.16953	-2.59015	10.5508	0	1	
1	5.8259	-0.528705	-10.7362	16.0429	0	0	
0	-9.05298	-1.20028	-2.66508	10.5508	0	1	
1	6.54776	-1.05576	-9.51705	16.0429	0	0	
0	-9.98064	-3.414	-1.74364	10.5508	1	1	
1	5.73306	-1.13574	-9.54185	16.0429	0	0	
0	-9.40834	-3.22222	-1.2447	10.5508	0	1	
1	5.91289	-1.94998	-9.64525	16.0429	0	0	
0	-9.16405	-2.44342	0.0662002	10.5508	0	1	
1	7.01575	-1.25687	-10.3779	16.0429	0	0	
0	-10.2856	-2.17165	0.310026	10.5508	0	1	
1	7.53459	-0.873428	-9.59453	16.0429	0	0	
0	-9.52212	-2.64436	-0.472529	10.5508	1	1	
1	7.73497	-0.664071	-9.92892	16.0429	0	0	
0	-9.93042	-3.1589	-0.585861	10.5508	0	1	
1	8.61072	-0.369734	-10.5256	16.0429	0	0	
0	-9.5265	-3.09412	-0.874969	16.7749	0	1	
1	8.99888	-0.334967	-10.2498	5.5701	0	0	
0	-9.83112	-3.50061	-0.804278	16.7749	0	1	
1	8.46765	-0.208305	-10.6228	5.5701	0	0	
0	-9.83288	-3.55818	-0.431942	16.7749	0	1	
1	7.82552	0.224047	-9.39556	5.5701	0	0	
0	-9.59931	-2.85044	-0.694107	16.7749	0	1	
1	8.05851	0.0723336	-8.40589	5.5701	0	0	
0	-9.67347	-2.56462	-2.08665	16.7749	0	1	
1	8.09261	-0.570297	-9.22018	5.5701	0	0	
0	-9.19677	-2.687	-1.36267	16.7749	0	1	
1	7.96659	0.0641819	-9.75592	5.5701	0	0	
0	-8.84008	-2.12867	-2.39214	16.7749	0	1	
1	8.24284	-0.607497	-8.59569	5.5701	0	0	
0	-8.89054	-2.37095	-2.30299	16.7749	0	1	
1	8.23895	0.278722	-8.29462	5.5701	0	0	
0	-8.41614	-2.42303	-1.14456	16.7749	0	1	
1	8.30324	0.520713	-7.8923	5.5701	0	0	
0	-8.33033	-2.81152	-0.786944	16.7749	0	1	
1	8.30535	-0.929159	-8.20417	5.5701	1	0	
0	-9.22372	-3.4534	-0.497789	19.2018	0	1	
1	8.48979	-1.33098	-9.59973	9.88928	0	0	
0	-9.41398	-3.20332	-1.3471	19.2018	0	1	
1	7.70995	-0.972524	-10.0558	9.88928	0	0	
0	-10.3944	-3.26457	-1.38657	19.2018	0	1	
1	8.32758	-0.553519	-9.87511	9.88928	0	0	
0	-10.604	-3.67501	-2.40014	19.2018	0	1	
1	7.81363	-0.358077	-10.3867	9.88928	0	0	
0	-10.409	-3.71085	-2.98897	19.2018	0	1	
1	7.72599	-1.7588	-9.69041	9.88928	0	0	
0	-9.36555	-3.91881	-3.6312	19.2018	0	1	
1	7.43526	-2.46207	-9.74897	9.88928	0	0	
0	-12.198	-3.39976	-3.76265	19.2018	1	1	
1	7.16824	-2.12884	-9.80455	9.88928	0	0	
0	-11.4233	-2.97974	-5.08864	19.2018	1	1	
1	6.63599	-2.17997	-9.89136	9.88928	0	0	
0	-12.7247	-1.68063	-4.01998	19.2018	1	1	
1	6.34302	-2.92035	-8.90156	9.88928	0	0	
0	-13.3726	-1.03661	-3.19707	19.2018	0	1	
1	5.85999	-2.80366	-9.61655	9.88928	0	0	
0	-14.3592	-1.35264	-2.59476	21.1247	0	1	
1	6.52063	-3.16908	-9.10907	33.798	0	0	
0	-14.1121	-1.60891	-2.00181	21.1247	0	1	
1	7.07903	-3.46611	-8.97914	33.798	0	0	
0	-14.7984	-2.8934	-2.47957	21.1247	0	1	
1	7.19474	-2.82467	-9.84344	33.798	0	0	
0	-14.2035	-2.17702	-1.87833	21.1247	0	1	
1	6.42703	-2.9155	-9.5266	33.798	0	0	
0	-14.4592	-1.33457	-1.63349	21.1247	0	1	
1	6.25983	-1.75367	-10.4303	33.798	0	0	
0	-14.621	-1.5812	-0.979692	21.1247	0	1	
1	6.89734	-3.26885	-10.5459	33.798	0	0	
0	-13.1216	-2.07869	-0.891217	21.1247	1	1	
1	6.66464	-2.12892	-11.1393	33.798	1	0	
0	-12.6374	-2.46609	-1.63671	21.1247	1	1	
1	7.13122	-0.458912	-11.5449	33.798	1	0	
0	-12.5362	-3.17805	-1.92583	21.1247	0	1	
1	8.31203	1.00414	-12.1693	33.798	1	0	
0	-11.7468	-3.83745	-1.65772	21.1247	0	1	
1	10.9527	1.47421	-11.9576	33.798	1	0	
0	-10.9934	-3.02923	-1.84916	26.7919	0	1	
1	11.2593	1.69239	-13.043	9.54686	0	0	
0	-10.2302	-3.01455	-0.601639	26.7919	0	1	
1	10.3677	1.54267	-13.126	9.54686	0	0	
0	-9.50947	-3.2898	-1.21642	26.7919	0	1	
1	12.0941	0.836149	-13.0473	9.54686	1	0	
0	-9.71718	-4.52384	-1.10489	26.7919	0	1	
1	11.8315	0.83765	-14.3028	9.54686	0	0	
0	-10.1584	-4.41229	-1.6529	26.7919	0	1	
1	10.9517	-1.49688	-13.6246	9.54686	1	0	
0	-9.64899	-4.99218	-0.809297	26.7919	0	1	
1	10.7486	-0.435228	-13.1389	9.54686	0	0	
0	-9.40073	-5.49023	-0.707821	26.7919	0	1	
1	10.2215	0.195488	-12.1053	9.54686	0	0	
0	-10.9962	-6.18091	0.145533	26.7919	0	1	
1	10.1143	-1.12544	-13.0969	9.54686	0	0	
0	-9.58124	-6.11282	0.358174	26.7919	1	1	
1	9.24612	-1.84265	-12.9215	9.54686	0	0	
0	-8.01466	-4.7622	0.0420982	26.7919	1	1	
1	10.887	-1.41063	-12.4827	9.54686	1	0	
0	-8.22692	-4.99691	0.204488	33.2897	0	1	
1	11.6753	-0.682342	-12.3725	7.50509	0	0	
0	-8.50654	-5.40851	-0.921193	33.2897	0	1	
1	12.0371	-1.36098	-11.674	7.50509	0	0	
0	-9.42076	-4.76687	-0.901514	33.2897	0	1	
1	11.2268	-1.86008	-12.1787	7.50509	0	0	
0	-9.16163	-5.34107	-0.265504	33.2897	0	1	
1	11.9277	-1.03934	-11.4929	7.50509	0	0	
0	-9.78986	-5.52582	-0.333075	33.2897	0	1	
1	11.6372	-1.40974	-12.0551	7.50509	0	0	
0	-9.83927	-5.02419	0.263747	33.2897	0	1	
1	11.2306	-1.56574	-12.3266	7.50509	0	0	
0	-6.87938	-4.34788	0.877445	33.2897	1	1	
1	11.014	-1.07507	-14.1174	7.50509	0	0	
0	-6.37267	-3.65211	1.70179	33.2897	1	1	
1	10.5659	-1.35791	-13.3964	7.50509	0	0	
0	-5.40902	1.73397	1.79448	33.2897	2	1	
1	10.5216	-1.2392	-13.7192	7.50509	0	0	
0	-5.20814	1.4568	2.17795	33.2897	0	1	
1	11.0279	-0.97404	-13.5384	7.50509	0	0	
0	-6.54012	3.0089	2.43476	22.841	1	1	
1	11.3979	-1.41287	-13.2046	8.07025	0	0	
0	-8.10916	4.78468	1.56126	22.841	1	1	
1	9.88698	-0.99447	-14.0439	8.07025	0	0	
0	-7.62718	3.83265	2.90753	22.841	0	1	
1	9.7834	-1.30375	-14.0024	8.07025	0	0	
0	-9.96994	2.89153	3.33053	22.841	1	1	
1	9.36543	-1.49251	-13.8243	8.07025	0	0	
0	-12.7911	2.24771	2.82736	22.841	1	1	
1	9.04618	-1.75057	-13.9257	8.07025	0	0	
0	-11.856	1.83869	1.72424	22.841	0	1	
1	8.48593	-1.43071	-14.6383	8.07025	0	0	
0	-11.5197	1.35204	2.31107	22.841	0	1	
1	8.02607	-1.71641	-14.7578	8.07025	0	0	
0	-12	1.20045	2.67473	22.841	0	1	
1	8.26852	-2.18333	-15.0411	8.07025	0	0	
0	-10.9305	0.427978	2.8662	22.841	0	1	
1	7.1853	-1.94699	-15.445	8.07025	0	0	
0	-11.481	0.0219723	3.47703	22.841	0	1	
1	6.68883	-2.36922	-15.8451	8.07025	0	0	
0	-11.9519	0.9567	4.4325	8.28709	0	1	
1	6.58124	-2.42546	-15.6378	24.871	0	0	
0	-11.6272	1.09741	4.93944	8.28709	1	1	
1	6.632	-2.71385	-16.422	24.871	0	0	
0	-11.6236	0.465491	4.06684	8.28709	1	1	
1	7.46758	-2.60026	-16.7585	24.871	0	0	
0	-12.0889	0.588236	4.78389	8.28709	0	1	
1	6.46027	-0.828393	-16.9983	24.871	1	0	
0	-12.5245	-1.74434	4.79924	8.28709	1	1	
1	7.38796	-0.476327	-17.2448	24.871	0	0	
0	-12.7704	-1.74461	5.73543	8.28709	0	1	
1	6.43957	1.65681	-18.1707	24.871	1	0	
0	-13.0053	-3.75637	4.88914	8.28709	1	1	
1	6.73214	3.88366	-17.7396	24.871	1	0	
0	-13.5441	-2.69046	4.48266	8.28709	0	1	
1	6.20084	4.4852	-19.0793	24.871	0	0	
0	-13.3689	-3.24474	4.30092	8.28709	0	1	
1	9.10554	2.70395	-19.0187	24.871	2	0	
0	-12.7162	-4.02853	4.78554	8.28709	0	1	
1	11.7346	4.10109	-18.6251	24.871	1	0	
0	-12.8615	-2.80535	3.12577	32.4992	0	1	
1	11.3868	2.70449	-17.5074	27.6806	0	0	
0	-13.6549	-2.73816	2.72226	32.4992	0	1	
1	12.0027	2.89315	-17.5518	27.6806	0	0	
0	-13.8509	-2.59538	3.22231	32.4992	0	1	
1	12.162	2.25885	-17.1737	27.6806	0	0	
0	-14.5947	-1.14298	3.34734	32.4992	0	1	
1	12.6639	2.66928	-16.1431	27.6806	0	0	
0	-14.0316	-1.31805	2.25076	32.4992	0	1	
1	10.1604	2.81413	-15.8588	27.6806	1	0	
0	-13.4994	-1.82572	2.53247	32.4992	0	1	
1	10.4114	3.216	-15.5146	27.6806	0	0	
0	-14.2416	-1.66357	1.3303	32.4992	0	1	
1	8.14196	3.51631	-15.888	27.6806	1	0	
0	-12.5045	-0.785663	0.760368	32.4992	1	1	
1	7.78975	4.39742	-15.0589	27.6806	0	0	
0	-10.8849	0.612931	0.183901	32.4992	1	1	
1	6.61975	4.88329	-16.2688	27.6806	1	0	
0	-9.01838	1.33225	0.54171	32.4992	1	1	
1	7.39873	4.56651	-17.3672	27.6806	0	0	
0	-8.20419	1.29618	1.62048	9.06975	0	1	
1	7.77402	5.28237	-17.1066	36.5201	0	0	
0	-7.67587	0.574109	0.367358	9.06975	0	1	
1	7.38751	5.45102	-16.7774	36.5201	0	0	
0	-7.59817	0.277315	0.913402	9.06975	0	1	
1	8.03813	5.38398	-16.9147	36.5201	0	0	
0	-8.79454	0.694355	0.957865	9.06975	0	1	
1	8.10304	5.02465	-16.2841	36.5201	0	0	
0	-9.50016	0.7851	1.54275	9.06975	0	1	
1	5.93697	3.2847	-16.7242	36.5201	0	0	
0	-10.598	0.098105	1.12457	9.06975	0	1	
1	5.58349	3.16887	-15.6263	36.5201	0	0	
0	-8.79944	1.8043	0.713283	9.06975	1	1	
1	5.48525	3.2707	-15.0004	36.5201	0	0	
0	-8.01792	0.580992	0.622642	9.06975	0	1	
1	5.28664	3.60086	-14.5543	36.5201	0	0	
0	-8.24891	0.204077	1.29507	9.06975	0	1	
1	5.07119	1.65981	-14.8376	36.5201	1	0	
0	-7.3501	-0.0734643	0.826124	9.06975	0	1	
1	5.89657	2.00587	-14.8018	36.5201	0	0	
0	-7.24397	-0.884692	0.589366	13.8024	0	1	
1	5.5875	1.60248	-15.059	26.1099	0	0	
0	-8.55735	-0.60036	0.673953	13.8024	0	1	
1	6.84845	1.43493	-15.7351	26.1099	0	0	
0	-8.62647	-1.21772	1.46541	13.8024	0	1	
1	6.53695	1.63206	-15.4908	26.1099	0	0	
0	-9.79695	0.831861	2.10678	13.8024	1	1	
1	6.50318	1.50475	-16.6979	26.1099	0	0	
0	-9.14471	0.041269	2.83553	13.8024	0	1	
1	7.21932	2.68544	-15.5467	26.1099	0	0	
0	-11.8025	-2.25456	3.48356	13.8024	1	1	
1	6.88796	3.47245	-15.9454	26.1099	0	0	
0	-11.4847	-2.00177	2.10601	13.8024	0	1	
1	6.13188	3.3445	-16.9249	26.1099	0	0	
0	-12.4736	-1.0285	3.01068	13.8024	1	1	
1	6.10866	3.20524	-16.7339	26.1099	0	0	
0	-12.1755	-0.682208	2.58401	13.8024	0	1	
1	6.86135	1.68292	-17.0706	26.1099	0	0	
0	-12.8747	0.0437081	2.85112	13.8024	0	1	
1	7.4247	2.17494	-16.8474	26.1099	0	0	
0	-13.0867	0.34671	2.32649	16.4007	0	1	
1	6.91722	1.32526	-17.5709	19.7997	0	0	
0	-12.2545	-0.144779	2.45121	16.4007	0	1	
1	7.20369	0.27821	-17.4025	19.7997	0	0	
0	-12.1336	-0.341073	2.77597	16.4007	0	1	
1	6.5433	2.29978	-17.5683	19.7997	1	0	
0	-12.559	-0.312935	2.87825	16.4007	0	1	
1	6.90663	0.946709	-17.0465	19.7997	0	0	
0	-12.6361	0.306755	3.11101	16.4007	0	1	
1	6.70927	0.331248	-16.282	19.7997	0	0	
0	-12.5682	0.598523	2.81421	16.4007	0	1	
1	6.85853	0.36335	-15.2383	19.7997	0	0	
0	-12.8268	0.171887	2.49612	16.4007	0	1	
1	7.61596	0.0855818	-15.0315	19.7997	0	0	
0	-13.9307	1.07556	2.56892	16.4007	0	1	
1	8.42899	-0.287651	-15.1653	19.7997	0	0	
0	-14.3524	0.18216	2.38025	16.4007	0	1	
1	9.18001	-0.391295	-15.2159	19.7997	0	0	
0	-14.4019	0.521191	2.07844	16.4007	0	1	
1	9.45422	-1.51035	-14.9837	19.7997	0	0	
0	-14.5695	0.524537	2.51588	27.594	0	1	
1	9.21449	-1.82655	-15.7149	8.6243	0	0	
0	-13.3039	1.08597	1.98797	27.594	0	1	
1	9.88789	-2.52959	-15.3238	8.6243	0	0	
0	-13.8971	1.13377	2.60612	27.594	0	1	
1	10.8433	-2.0783	-16.4917	8.6243	0	0	
0	-14.038	1.00501	1.67498	27.594	0	1	
1	9.8427	-0.569355	-16.337	8.6243	1	0	
0	-13.7008	0.0852631	1.15556	27.594	0	1	
1	7.13201	-0.47536	-16.0631	8.6243	1	0	
0	-12.1338	1.20379	0.753983	27.594	1	1	
1	8.33431	-0.736924	-15.7175	8.6243	0	0	
0	-10.8832	2.82322	1.46362	27.594	1	1	
1	7.12627	-1.4597	-15.5085	8.6243	0	0	
0	-11.3674	3.93662	0.0862894	27.594	0	1	
1	7.45249	-0.511623	-15.3405	8.6243	0	0	
0	-9.08913	3.70668	0.4913	27.594	1	1	
1	7.27569	0.306315	-15.0968	8.6243	0	0	
0	-8.66458	4.61672	0.294868	27.594	0	1	
1	7.39586	0.749179	-15.5817	8.6243	0	0	
0	-8.79359	3.34089	0.855181	30.9526	0	1	
1	7.23232	0.0183619	-15.9843	15.1292	0	0	
0	-8.28947	2.84481	0.610085	30.9526	0	1	
1	6.9668	0.783923	-15.4162	15.1292	0	0	
0	-8.14375	3.86875	0.187579	30.9526	0	1	
1	6.93179	0.659539	-16.078	15.1292	0	0	
0	-6.99696	3.8751	0.243616	30.9526	0	1	
1	6.58461	0.433347	-16.1965	15.1292	0	0	
0	-6.69739	4.20511	0.948532	30.9526	0	1	
1	6.52873	0.884455	-15.2668	15.1292	0	0	
0	-7.27328	3.83768	0.829328	30.9526	0	1	
1	5.73931	1.27922	-15.7966	15.1292	0	0	
0	-8.03359	4.42809	2.35448	30.9526	0	1	
1	6.35459	1.21463	-15.1403	15.1292	0	0	
0	-6.89537	4.6574	1.89894	30.9526	0	1	
1	7.32048	1.07023	-15.8442	15.1292	0	0	
0	-7.56265	4.97577	1.17368	30.9526	0	1	
1	7.95793	1.33941	-15.5504	15.1292	0	0	
0	-7.77544	5.2455	0.62602	30.9526	0	1	
1	8.12773	2.71954	-16.343	15.1292	0	0	
0	-8.55976	4.12184	0.0395005	41.5647	0	1	
1	7.60666	2.10802	-16.5021	19.3206	0	0	
0	-10.5398	4.08708	0.502611	41.5647	0	1	
1	7.77649	2.50073	-17.5635	19.3206	0	0	
0	-9.67377	3.61651	0.393645	41.5647	0	1	
1	7.58013	2.7202	-18.2616	19.3206	0	0	
0	-10.4487	4.59071	0.542746	41.5647	0	1	
1	9.19776	4.95821	-17.8279	19.3206	1	0	
0	-9.16658	4.44424	1.09064	41.5647	0	1	
1	9.00981	6.32393	-17.8767	19.3206	0	0	
0	-8.03784	4.26574	0.680004	41.5647	0	1	
1	8.03996	5.3968	-17.4032	19.3206	0	0	
0	-8.03316	3.18806	0.484681	41.5647	0	1	
1	8.52954	4.96917	-17.7738	19.3206	0	0	
0	-7.39431	2.4441	1.5516	41.5647	0	1	
1	9.06741	6.32564	-18.2761	19.3206	0	0	
0	-7.01676	3.6477	1.1709	41.5647	0	1	
1	9.93646	5.59399	-19.44	19.3206	0	0	
0	-6.34911	3.8429	0.449716	41.5647	0	1	
1	11.5515	3.97828	-19.3404	19.3206	1	0	
0	-6.74184	4.72187	0.125894	37.2034	0	1	
1	13.4126	2.63283	-20.2107	19.5751	1	0	
0	-6.2379	4.36551	0.115143	37.2034	0	1	
1	11.8837	0.728236	-21.1724	19.5751	1	0	
0	-5.97169	4.35708	0.702785	37.2034	0	1	
1	10.6218	-1.17961	-21.4469	19.5751	1	0	
0	-6.48249	3.81381	0.728239	37.2034	0	1	
1	10.5921	-0.534638	-21.5108	19.5751	0	0	
0	-6.5181	5.02991	0.251544	37.2034	0	1	
1	8.7015	-3.03362	-20.6971	19.5751	1	0	
0	-5.77404	4.36801	0.154827	37.2034	0	1	
1	9.21576	-4.09295	-20.2233	19.5751	0	0	
0	-4.67643	4.95216	0.0999003	37.2034	0	1	
1	8.8399	-3.38519	-20.2964	19.5751	0	0	
0	-3.34009	4.1183	0.296713	37.2034	0	1	
1	8.86551	-3.74941	-19.7536	19.5751	0	0	
0	-4.22269	3.27067	0.44779	37.2034	0	1	
1	7.99553	-2.47238	-19.8382	19.5751	0	0	
0	-4.00205	3.18269	1.30263	37.2034	0	1	
1	7.56884	-1.18643	-19.7643	19.5751	0	0	
0	-4.76796	3.61759	1.28804	55.1174	0	1	
1	9.00773	-2.56363	-20.4058	8.58835	1	0	
0	-4.48449	3.88671	1.41805	55.1174	0	1	
1	9.47857	-2.0485	-20.0679	8.58835	0	0	
0	-3.81579	4.27898	2.88172	55.1174	0	1	
1	9.92502	-2.29234	-19.6373	8.58835	0	0	
0	-8.62974	6.87084	2.56209	55.1174	2	1	
1	10.3043	-3.15516	-19.7102	8.58835	0	0	
0	-8.353	6.00737	3.55165	55.1174	0	1	
1	10.2864	-2.79674	-20.0521	8.58835	0	0	
0	-9.15476	7.18388	2.73415	55.1174	1	1	
1	10.8429	-2.34543	-19.6039	8.58835	0	0	
0	-9.64102	7.35984	3.25869	55.1174	0	1	
1	10.7671	-1.39905	-19.9219	8.58835	0	0	
0	-11.725	5.53637	3.50548	55.1174	1	1	
1	10.3789	-0.696381	-19.9431	8.58835	0	0	
0	-14.5277	5.08004	2.88305	55.1174	1	1	
1	11.6444	-0.335076	-20.9074	8.58835	0	0	
0	-13.4011	4.62477	2.17859	55.1174	0	1	
1	11.1358	-2.48113	-20.0189	8.58835	1	0	
0	-13.1845	4.22382	3.04338	41.5637	0	1	
1	9.74556	-3.15034	-19.479	15.4853	0	0	
0	-12.8485	5.02144	2.35757	41.5637	0	1	
1	9.28183	-3.43779	-19.5287	15.4853	0	0	
0	-13.8739	5.36489	2.94129	41.5637	0	1	
1	9.08941	-3.69866	-19.6816	15.4853	0	0	
0	-13.5756	5.70213	2.86578	41.5637	0	1	
1	9.9179	-4.18304	-19.412	15.4853	0	0	
0	-12.8336	4.78478	3.43201	41.5637	0	1	
1	9.24732	-4.22239	-19.2655	15.4853	0	0	
0	-12.4859	4.83135	2.43645	41.5637	0	1	
1	10.2033	-3.64957	-18.857	15.4853	0	0	
0	-11.7696	4.0195	2.43056	41.5637	0	1	
1	10.1117	-3.05955	-20.1482	15.4853	0	0	
0	-11.6359	4.00437	3.44347	41.5637	0	1	
1	10.4338	-3.55169	-20.3763	15.4853	0	0	
0	-10.0669	4.69385	3.50402	41.5637	0	1	
1	9.52068	-3.72151	-19.4961	15.4853	0	0	
0	-12.4489	5.20032	2.78269	41.5637	1	1	
1	9.19233	-3.2758	-18.575	15.4853	0	0	
0	-11.9684	5.06225	2.83704	42.0318	0	1	
1	11.5386	-2.73184	-18.5777	8.77402	1	0	
0	-10.5553	5.50302	3.44594	42.0318	0	1	
1	11.2379	-3.00448	-18.294	8.77402	0	0	
0	-12.9937	5.05462	4.29729	42.0318	1	1	
1	12.3857	-2.0643	-17.9567	8.77402	1	0	
0	-12.8415	2.44519	4.59675	42.0318	1	1	
1	14.5079	-0.304573	-18.8222	8.77402	1	0	
0	-13.4984	0.499326	4.93553	42.0318	1	1	
1	14.72	-1.23229	-18.9758	8.77402	0	0	
0	-13.2671	-2.15765	4.95881	42.0318	1	1	
1	15.1407	-1.04579	-19.366	8.77402	0	0	
0	-13.9117	-2.75012	6.84143	42.0318	0	1	
1	14.731	-2.11947	-18.9712	8.77402	0	0	
0	-8.91928	-0.959221	5.53841	42.0318	2	1	
1	15.602	-2.41211	-19.3857	8.77402	0	0	
0	-7.78036	-0.563554	5.57514	42.0318	0	1	
1	16.2206	-2.2376	-18.8124	8.77402	0	0	
0	-8.1313	-0.679683	5.33621	42.0318	0	1	
1	15.929	-1.06021	-19.4324	8.77402	0	0	
0	-7.47207	-0.673369	4.37904	10.4071	0	1	
1	15.7842	-0.60662	-18.9172	44.9625	0	0	
0	-6.20797	-2.50954	5.64224	10.4071	1	1	
1	14.857	-0.513266	-18.9889	44.9625	0	0	
0	-5.81676	-2.50563	5.74875	10.4071	0	1	
1	14.1176	-0.420646	-19.9372	44.9625	0	0	
0	-5.60434	-2.32061	5.87302	10.4071	0	1	
1	14.8597	-0.598905	-20.4989	44.9625	0	0	
0	-6.11324	-3.39141	6.23095	10.4071	0	1	
1	14.9875	-1.35604	-20.0564	44.9625	0	0	
0	-6.31296	-3.78536	6.16322	10.4071	0	1	
1	14.675	-1.06688	-20.3699	44.9625	0	0	
0	-6.06	-2.78186	5.90047	10.4071	0	1	
1	13.8476	-0.35692	-20.6122	44.9625	0	0	
0	-6.81053	-3.70135	5.78888	10.4071	0	1	
1	13.8529	-2.04117	-21.17	44.9625	1	0	
0	-6.40112	-3.68351	6.48219	10.4071	0	1	
1	12.2933	-3.30433	-21.1311	44.9625	1	0	
0	-7.54295	-3.93156	5.86602	10.4071	0	1	
1	11.8226	-2.79728	-20.5735	44.9625	0	0	
0	-7.58121	-2.93631	6.2621	30.4502	0	1	
1	11.2906	-3.20238	-20.8799	18.9998	0	0	
0	-7.87823	-3.99984	6.39415	30.4502	0	1	
1	10.9096	-3.58005	-22.6955	18.9998	0	0	
0	-7.42273	-4.70241	5.55113	30.4502	0	1	
1	10.1369	-2.60168	-22.263	18.9998	1	0	
0	-7.44284	-4.4854	5.77465	30.4502	0	1	
1	8.848	-0.74925	-22.3731	18.9998	1	0	
0	-8.24393	-5.92359	6.11471	30.4502	0	1	
1	9.3579	0.277525	-22.3407	18.9998	0	0	
0	-7.85163	-6.21397	5.36828	30.4502	0	1	
1	9.16733	0.942734	-21.9107	18.9998	0	0	
0	-6.8032	-5.49773	5.18268	30.4502	0	1	
1	8.69476	1.49404	-22.6926	18.9998	0	0	
0	-7.58236	-6.2747	4.81269	30.4502	0	1	
1	8.24093	1.15261	-22.3359	18.9998	0	0	
0	-7.44562	-6.85983	4.6844	30.4502	0	1	
1	8.46277	0.807839	-21.2474	18.9998	0	0	
0	-8.0731	-7.1467	4.92905	30.4502	0	1	
1	7.87856	1.49147	-21.5902	18.9998	0	0	
0	-8.55584	-7.44795	4.52929	61.2855	0	1	
1	8.67421	1.83465	-22.8011	12.7532	0	0	
0	-8.68087	-7.36083	5.22022	61.2855	0	1	
1	9.19163	2.17343	-22.5135	12.7532	0	0	
0	-8.89073	-6.45426	4.50563	61.2855	0	1	
1	9.22905	3.56343	-22.8938	12.7532	0	0	
0	-7.61649	-5.69892	4.62318	61.2855	0	1	
1	9.46457	3.55194	-23.3625	12.7532	0	0	
0	-7.37139	-4.06037	5.12916	61.2855	0	1	
1	9.98294	3.31378	-23.9458	12.7532	0	0	
0	-7.47027	-3.3062	6.00514	61.2855	0	1	
1	8.73328	3.73437	-24.7625	12.7532	0	0	
0	-7.70017	-2.87925	6.14983	61.2855	0	1	
1	8.17169	3.70549	-25.6826	12.7532	0	0	
0	-8.45183	-4.46747	5.85273	61.2855	0	1	
1	12.4591	3.89876	-25.1181	12.7532	1	0	
0	-7.46582	-5.51736	5.13604	61.2855	0	1	
1	11.3575	4.43685	-24.925	12.7532	0	0	
0	-7.96663	-6.68239	5.46643	61.2855	0	1	
1	12.3118	4.51156	-26.1204	12.7532	0	0	
0	-7.53908	-5.83092	4.73079	57.1552	0	1	
1	13.6829	3.36717	-25.779	19.644	1	0	
0	-7.4535	-5.25247	5.38554	57.1552	0	1	
1	14.5071	3.32012	-25.5984	19.644	0	0	
0	-7.61763	-6.10242	5.67967	57.1552	0	1	
1	14.9411	2.64533	-26.556	19.644	0	0	
0	-7.48356	-6.49999	5.79252	57.1552	0	1	
1	15.7642	0.389877	-26.4359	19.644	1	0	
0	-7.62158	-5.75619	5.68511	57.1552	0	1	
1	14.6785	0.39307	-26.9181	19.644	0	0	
0	-7.1711	-5.63828	5.04168	57.1552	0	1	
1	15.7534	-2.02628	-26.4653	19.644	1	0	
0	-7.57828	-5.58629	4.64967	57.1552	0	1	
1	16.4528	-0.3945	-27.3889	19.644	0	0	
0	-7.56287	-5.26609	4.79766	57.1552	0	1	
1	15.6379	-3.08835	-27.3134	19.644	1	0	
0	-7.61467	-5.74651	3.63654	57.1552	0	1	
1	14.8841	-4.56809	-26.9458	19.644	1	0	
0	-8.13793	-5.67994	4.16196	57.1552	0	1	
1	15.2231	-4.0203	-27.5964	19.644	0	0	
0	-8.0972	-5.38407	5.40391	44.5419	0	1	
1	13.3763	-6.32192	-26.9983	41.4613	1	0	
0	-7.43265	-4.4171	6.04769	44.5419	0	1	
1	13.7903	-6.12706	-27.4601	41.4613	0	0	
0	-7.26453	-4.25987	6.33127	44.5419	0	1	
1	14.0282	-5.9322	-28.0266	41.4613	0	0	
0	-7.79535	-3.86437	6.01298	44.5419	0	1	
1	11.0597	-6.28067	-29.0385	41.4613	1	0	
0	-6.96731	-3.90036	5.67191	44.5419	0	1	
1	7.45362	-3.37468	-29.491	41.4613	2	0	
0	-7.52623	-4.33741	4.48488	44.5419	0	1	
1	8.58535	-2.09454	-29.6843	41.4613	1	0	
0	-7.40382	-4.68187	4.51252	44.5419	0	1	
1	9.81448	0.586157	-30.3499	41.4613	1	0	
0	-6.48224	-3.88834	4.89686	44.5419	0	1	
1	10.2434	-0.19804	-30.0257	41.4613	0	0	
0	-6.67131	-4.79523	3.94399	44.5419	0	1	
1	10.6076	1.33862	-29.2948	41.4613	1	0	
0	-7.84289	-6.31366	2.78523	44.5419	0	1	
1	9.44867	1.90986	-27.2798	41.4613	0	0	
0	-12.5617	-6.48916	3.52272	29.934	2	1	
1	7.99932	0.220922	-27.5657	2.60575	1	0	
0	-12.6908	-8.01252	3.42765	29.934	0	1	
1	9.22776	1.31121	-27.2662	2.60575	0	0	
0	-12.7513	-7.89251	3.66293	29.934	0	1	
1	7.5764	-0.719419	-27.4377	2.60575	1	0	
0	-13.456	-7.56989	4.85484	29.934	0	1	
1	7.67748	0.723635	-27.7578	2.60575	0	0	
0	-12.9851	-6.54994	4.73075	29.934	0	1	
1	7.44171	-0.214936	-28.0316	2.60575	0	0	
0	-13.4948	-5.87329	5.79744	29.934	0	1	
1	7.34914	-0.441553	-28.6315	2.60575	0	0	
0	-12.4895	-7.49836	5.03605	29.934	1	1	
1	6.83863	0.512098	-28.2445	2.60575	0	0	
0	-13.4537	-7.08535	5.0783	29.934	0	1	
1	8.34724	0.816655	-27.1398	2.60575	0	0	
0	-12.5179	-7.90086	4.76256	29.934	0	1	
1	6.65009	0.371666	-27.7904	2.60575	1	0	
0	-11.6355	-9.24358	4.26506	29.934	0	1	
1	6.92376	0.7086	-27.7345	2.60575	0	0	
0	-10.7132	-9.67552	4.93579	90.9764	0	1	
1	6.61795	1.48843	-28.091	17.4892	0	0	
0	-10.2665	-9.86006	5.18185	90.9764	0	1	
1	7.49614	1.30608	-27.5186	17.4892	0	0	
0	-10.3164	-10.2568	4.76646	90.9764	0	1	
1	6.82065	2.44017	-26.7207	17.4892	0	0	
0	-9.94326	-9.38513	4.67563	90.9764	0	1	
1	7.02738	0.586896	-26.5585	17.4892	1	0	
0	-9.76231	-9.77746	5.58998	90.9764	0	1	
1	5.52777	-0.95215	-27.731	17.4892	1	0	
0	-10.1675	-8.23587	5.09679	90.9764	0	1	
1	5.38045	-1.7487	-28.8288	17.4892	0	0	
0	-10.1737	-8.22642	5.72076	90.9764	0	1	
1	5.288	-2.25909	-29.8189	17.4892	0	0	
0	-9.29068	-8.67893	6.3064	90.9764	0	1	
1	4.83916	0.494854	-30.2421	17.4892	1	0	
0	-9.60584	-8.2161	7.7886	90.9764	0	1	
1	6.51082	1.29888	-29.4873	17.4892	1	0	
0	-9.71383	-3.29544	8.30953	90.9764	2	1	
1	7.2875	1.26557	-28.0423	17.4892	0	0	
0	-10.655	-1.91049	8.98761	2.2553	1	1	
1	7.24811	1.24823	-29.7558	16.4935	0	0	
0	-12.5047	-0.820412	9.77294	2.2553	1	1	
1	7.92302	2.59388	-29.9902	16.4935	0	0	
0	-13.9795	-0.450847	10.7797	2.2553	0	1	
1	8.3415	3.0868	-31.0652	16.4935	0	0	
0	-14.917	-0.00169702	10.4196	2.2553	0	1	
1	10.7545	3.80944	-31.5384	16.4935	1	0	
0	-14.1175	0.306001	11.0035	2.2553	0	1	
1	10.6466	3.59626	-31.1564	16.4935	0	0	
0	-13.8414	-1.47189	11.1162	2.2553	1	1	
1	9.44899	3.32016	-31.0871	16.4935	0	0	
0	-13.7428	-2.65657	11.3344	2.2553	0	1	
1	9.73843	2.79639	-30.6066	16.4935	0	0	
0	-13.71	-2.21754	10.855	2.2553	0	1	
1	10.0835	2.57079	-32.0126	16.4935	0	0	
0	-13.2775	-1.95592	9.80395	2.2553	0	1	
1	12.9927	1.50334	-31.1682	16.4935	1	0	
0	-13.5594	-1.25529	10.4412	2.2553	0	1	
1	12.7708	1.92199	-31.2513	16.4935	0	0	
0	-14.3025	-1.72088	10.71	22.5038	0	1	
1	14.6787	2.57443	-31.7294	19.8131	0	0	
0	-14.0886	-1.64996	10.128	22.5038	0	1	
1	14.6409	2.93665	-31.6965	19.8131	0	0	
0	-14.3634	-0.692182	10.3847	22.5038	0	1	
1	13.6997	3.84078	-30.6229	19.8131	0	0	
0	-14.2001	0.97457	10.1377	22.5038	0	1	
1	13.9256	2.62455	-29.6444	19.8131	0	0	
0	-15.4743	1.0633	9.72649	22.5038	0	1	
1	13.2662	2.14956	-30.588	19.8131	0	0	
0	-14.8365	1.19088	10.1073	22.5038	0	1	
1	13.1288	1.8901	-31.2231	19.8131	0	0	
0	-14.1812	2.60101	9.23728	22.5038	0	1	
1	12.6728	1.96661	-31.1952	19.8131	0	0	
0	-15.0427	3.2801	9.30223	22.5038	0	1	
1	12.5683	2.521	-31.4142	19.8131	0	0	
0	-15.4871	3.43719	8.69371	22.5038	0	1	
1	11.6481	3.18127	-30.5825	19.8131	0	0	
0	-16.0242	3.88666	9.7384	22.5038	0	1	
1	12.0285	3.62266	-30.2879	19.8131	0	0	
0	-14.9734	3.74205	10.6281	60.5206	0	1	
1	12.1759	3.72986	-30.6325	26.276	0	0	
0	-16.506	2.92794	10.5719	60.5206	1	1	
1	12.2473	3.42717	-30.4883	26.276	0	0	
0	-15.6064	2.52757	11.1017	60.5206	0	1	
1	11.9167	2.1856	-30.024	26.276	0	0	
0	-15.202	0.810327	11.1113	60.5206	1	1	
1	12.603	2.17915	-29.9599	26.276	0	0	
0	-16.2212	-0.658353	11.136	60.5206	1	1	
1	12.067	2.68465	-29.4642	26.276	0	0	
0	-14.6748	-2.28793	11.4963	60.5206	1	1	
1	12.2769	2.63723	-29.1059	26.276	0	0	
0	-14.7174	-5.0139	11.2388	60.5206	1	1	
1	11.7317	3.40392	-27.9821	26.276	0	0	
0	-13.9737	-4.49304	12.1078	60.5206	0	1	
1	10.0255	2.83169	-26.5769	26.276	1	0	
0	-13.3473	-6.92664	11.6152	60.5206	1	1	
1	10.2622	0.779251	-26.5295	26.276	1	0	
0	-12.2006	-5.96854	11.3698	60.5206	0	1	
1	10.8564	-1.66801	-26.6248	26.276	1	0	
0	-12.4343	-4.7826	13.2031	49.6649	0	1	
1	11.3569	-1.07599	-26.9762	10.2194	0	0	
0	-9.22815	-2.40753	13.1324	49.6649	2	1	
1	11.2639	-0.510527	-27.7723	10.2194	0	0	
0	-7.11328	-3.06803	12.4061	49.6649	1	1	
1	10.825	-1.78334	-27.2565	10.2194	1	0	
0	-7.66493	-2.98317	12.3459	49.6649	0	1	
1	10.717	-1.79366	-27.4844	10.2194	0	0	
0	-7.51935	-2.48083	12.5496	49.6649	0	1	
1	10.1172	-1.54323	-28.0749	10.2194	0	0	
0	-7.43778	-2.76381	12.9869	49.6649	0	1	
1	9.6874	-2.91317	-28.5023	10.2194	0	0	
0	-7.3295	-2.66478	11.7232	49.6649	0	1	
1	7.86044	-2.41957	-28.1485	10.2194	1	0	
0	-6.89233	-3.8211	11.2159	49.6649	0	1	
1	7.45886	-0.808476	-29.0075	10.2194	0	0	
0	-6.8718	-4.78653	11.5846	49.6649	0	1	
1	7.3369	-0.776411	-29.201	10.2194	0	0	
0	-7.03456	-4.98505	11.4625	49.6649	0	1	
1	7.53038	-0.708654	-28.4914	10.2194	0	0	
0	-6.32029	-5.53817	11.4379	42.2042	0	1	
1	7.72519	-0.966707	-29.0765	14.1163	0	0	
0	-7.06075	-5.24778	11.0648	42.2042	0	1	
1	6.66494	-1.87119	-28.336	14.1163	0	0	
0	-6.85888	-4.97729	11.1094	42.2042	0	1	
1	6.0987	-2.69305	-29.0071	14.1163	0	0	
0	-8.24722	-5.38723	11.2116	42.2042	0	1	
1	6.19284	-2.50397	-28.1013	14.1163	0	0	
0	-8.37079	-5.39168	11.4002	42.2042	0	1	
1	6.28388	-1.93569	-27.6975	14.1163	0	0	
0	-7.55651	-6.34601	11.4609	42.2042	0	1	
1	6.02882	-1.50609	-28.3581	14.1163	0	0	
0	-6.60334	-6.59109	10.354	42.2042	0	1	
1	5.10793	-1.87852	-27.8757	14.1163	0	0	
0	-6.19408	-6.1063	8.8839	42.2042	0	1	
1	5.64735	-0.854157	-29.1577	14.1163	0	0	
0	-10.0632	-2.78561	9.00591	42.2042	2	1	
1	6.61462	-1.45172	-28.1629	14.1163	0	0	
0	-10.914	-0.439225	8.50656	42.2042	1	1	
1	5.76696	-0.187425	-27.8788	14.1163	0	0	
0	-11.648	-0.137684	7.95299	4.35832	0	1	
1	5.80308	-0.918686	-27.6971	26.8432	0	0	
0	-11.6692	-0.149734	7.39139	4.35832	0	1	
1	6.20163	-0.641288	-27.3873	26.8432	0	0	
0	-11.4855	2.84962	8.2395	4.35832	1	1	
1	5.86893	-0.644537	-27.1421	26.8432	0	0	
0	-10.5573	3.90201	8.30436	4.35832	0	1	
1	6.57773	-0.501515	-27.1528	26.8432	0	0	
0	-10.6079	3.94593	7.99701	4.35832	0	1	
1	6.04586	-1.55703	-27.0063	26.8432	0	0	
0	-10.9492	4.70327	8.57782	4.35832	0	1	
1	5.47551	-0.102848	-26.9027	26.8432	0	0	
0	-11.0647	5.52506	9.35562	4.35832	0	1	
1	6.35929	-0.642941	-27.175	26.8432	0	0	
0	-11.2822	5.80589	9.02912	4.35832	0	1	
1	7.00205	-1.14706	-27.5892	26.8432	0	0	
0	-11.7063	6.5716	9.90531	4.35832	0	1	
1	6.36031	-1.14804	-27.0039	26.8432	0	0	
0	-14.3393	5.35662	9.80062	4.35832	1	1	
1	6.33369	-0.50767	-26.343	26.8432	0	0	
0	-13.6548	5.40039	9.98366	54.5485	0	1	
1	7.03534	-3.34676	-26.617	14.0928	1	0	
0	-13.329	4.93897	8.85485	54.5485	0	1	
1	6.8848	-2.80474	-27.3817	14.0928	0	0	
0	-14.0705	5.90015	8.45836	54.5485	0	1	
1	6.64663	-3.50695	-28.497	14.0928	0	0	
0	-14.3476	5.23633	6.72782	54.5485	0	1	
1	6.61768	-2.81155	-28.8324	14.0928	0	0	
0	-11.7515	5.17022	6.03898	54.5485	1	1	
1	6.86451	-2.32015	-28.6944	14.0928	0	0	
0	-10.0166	4.51604	5.16005	54.5485	1	1	
1	7.34081	-3.65707	-27.1895	14.0928	0	0	
0	-7.11343	0.143837	5.634	54.5485	2	1	
1	7.30105	-3.69669	-26.7269	14.0928	0	0	
0	-8.15746	-0.206095	6.39635	54.5485	0	1	
1	6.72826	-3.54916	-25.8539	14.0928	0	0	
0	-8.96331	1.17404	5.72961	54.5485	0	1	
1	8.5887	-5.54531	-25.6483	14.0928	1	0	
0	-8.24135	1.64405	5.17276	54.5485	0	1	
1	9.21057	-5.07776	-26.628	14.0928	0	0	
0	-6.17429	0.637844	6.46205	6.56018	1	1	
1	9.85455	-5.74721	-26.3829	35.443	0	0	
0	-5.46598	-0.305907	6.07805	6.56018	0	1	
1	10.4954	-6.82918	-26.7605	35.443	0	0	
0	-4.13874	-0.0129934	5.5145	6.56018	0	1	
1	10.0203	-7.61066	-25.292	35.443	0	0	
0	-3.29444	0.0181988	5.75409	6.56018	0	1	
1	9.33712	-8.705	-25.789	35.443	0	0	
0	-2.8108	-0.683287	5.86917	6.56018	0	1	
1	8.82177	-9.64447	-27.3903	35.443	0	0	
0	-2.25085	-1.01453	5.20882	6.56018	0	1	
1	9.70411	-9.47029	-28.473	35.443	0	0	
0	-2.39647	-1.68236	4.43996	6.56018	0	1	
1	7.36663	-9.75979	-27.9732	35.443	1	0	
0	-1.00774	-3.8662	5.41938	6.56018	1	1	
1	7.55145	-10.4478	-26.9205	35.443	0	0	
0	0.0248307	-4.22587	5.17849	6.56018	0	1	
1	8.15914	-11.0323	-27.0734	35.443	0	0	
0	-1.16716	-4.13041	4.4875	6.56018	0	1	
1	7.7052	-11.2467	-26.9073	35.443	0	0	
0	-0.413595	-3.78142	3.84948	102.371	0	1	
1	8.22806	-11.0161	-28.0784	126.251	0	0	
0	-3.76389	-5.60878	3.21422	102.371	2	1	
1	7.84056	-9.93042	-27.4827	126.251	0	0	
0	-8.64466	-2.07614	2.40854	102.371	2	1	
1	7.77219	-9.8256	-27.6816	126.251	0	0	
0	-10.7872	-2.46074	3.83085	102.371	1	1	
1	7.90202	-9.00687	-27.239	126.251	0	0	
0	-9.86232	-3.00091	4.46724	102.371	0	1	
1	7.38677	-9.12066	-27.9747	126.251	0	0	
0	-9.76177	-2.90384	5.41168	102.371	0	1	
1	6.90413	-9.63154	-27.1594	126.251	0	0	
0	-9.54623	-3.44962	5.0888	102.371	0	1	
1	7.06771	-9.24056	-28.1064	126.251	0	0	
0	-10.1873	-3.67361	4.69611	102.371	0	1	
1	7.72912	-9.3984	-28.0456	126.251	0	0	
0	-9.32498	-3.48975	5.19543	102.371	0	1	
1	8.03652	-9.67169	-27.0676	126.251	0	0	
0	-9.2457	-2.76553	4.55061	102.371	0	1	
1	8.51223	-9.46569	-26.2807	126.251	0	0	
0	-8.84982	-2.99978	6.22879	16.1605	0	1	
1	8.73782	-9.82357	-26.3828	97.1843	0	0	
0	-8.21275	-2.38769	6.21127	16.1605	0	1	
1	8.66952	-9.32383	-26.3975	97.1843	0	0	
0	-8.51804	-2.75096	5.7662	16.1605	0	1	
1	9.26728	-8.07823	-27.2419	97.1843	0	0	
0	-9.55424	-3.09008	5.74056	16.1605	0	1	
1	9.33651	-8.64713	-28.5706	97.1843	0	0	
0	-9.05912	-4.03103	6.15399	16.1605	0	1	
1	7.10621	-9.82871	-27.373	97.1843	1	0	
0	-8.90858	-4.10065	6.76164	16.1605	0	1	
1	5.66832	-10.1384	-27.2191	97.1843	0	0	
0	-8.18769	-2.63834	7.3773	16.1605	1	1	
1	5.8797	-10.6049	-25.1755	97.1843	0	0	
0	-7.24455	-0.34983	7.10138	16.1605	1	1	
1	7.68753	-11.4517	-24.6716	97.1843	1	0	
0	-7.0488	-0.372573	7.6444	16.1605	0	1	
1	7.06833	-6.12192	-23.2256	97.1843	2	0	
0	-6.15596	-0.435188	7.29937	16.1605	0	1	
1	7.61887	-2.06565	-23.4676	97.1843	2	0	
0	-6.5153	0.0171924	6.91429	21.5413	0	1	
1	7.47193	-0.631718	-23.4038	6.66925	1	0	
0	-7.214	-0.676073	6.64141	21.5413	0	1	
1	8.03147	2.38061	-24.4254	6.66925	1	0	
0	-7.74889	-1.34047	5.47143	21.5413	0	1	
1	8.6907	2.15259	-24.9399	6.66925	0	0	
0	-8.42326	-1.34701	5.55282	21.5413	0	1	
1	9.74599	2.09892	-25.8477	6.66925	1	0	
0	-8.77014	-1.74941	6.5674	21.5413	0	1	
1	10.6297	-1.29908	-26.0093	6.66925	1	0	
0	-8.36995	-1.50427	5.82762	21.5413	0	1	
1	10.3539	-0.75728	-25.9179	6.66925	0	0	
0	-7.87006	-2.58234	5.91496	21.5413	0	1	
1	10.0828	-0.277975	-25.8048	6.66925	0	0	
0	-8.62837	-2.20946	5.75483	21.5413	0	1	
1	10.6056	-0.50127	-26.0561	6.66925	0	0	
0	-8.20306	-2.04642	6.02748	21.5413	0	1	
1	11.2201	0.390835	-25.3853	6.66925	0	0	
0	-8.12321	-1.65468	6.60336	21.5413	0	1	
1	10.9088	-0.243942	-24.7967	6.66925	0	0	
0	-8.54747	-2.29909	7.1548	12.1248	0	1	
1	10.9889	-0.559532	-23.9612	5.64879	0	0	
0	-7.72173	-0.46565	7.68613	12.1248	1	1	
1	10.3214	1.34149	-23.9788	5.64879	1	0	
0	-6.14408	0.925199	6.6504	12.1248	1	1	
1	10.0665	1.56222	-23.2241	5.64879	0	0	
0	-5.90171	0.78305	6.32026	12.1248	0	1	
1	10.6108	0.846066	-23.6548	5.64879	0	0	
0	-4.88481	0.594246	5.72844	12.1248	0	1	
1	10.4701	1.93642	-23.7441	5.64879	0	0	
0	-4.75274	-0.862901	6.25538	12.1248	0	1	
1	9.3522	1.958	-23.2116	5.64879	0	0	
0	-3.30432	-0.806313	5.286	12.1248	0	1	
1	10.1815	1.88409	-23.0498	5.64879	0	0	
0	-2.31507	-1.30259	5.37985	12.1248	0	1	
1	12.0983	2.31592	-22.5442	5.64879	0	0	
0	-3.05861	-2.34146	4.44576	12.1248	0	1	
1	9.01816	2.89579	-21.3368	5.64879	1	0	
0	-2.77218	-3.01821	5.00704	12.1248	0	1	
1	6.41229	2.27973	-21.291	5.64879	1	0	
0	-1.72182	-2.69815	5.40733	70.3118	0	1	
1	5.83958	2.26367	-22.4939	23.9046	0	0	
0	-2.44561	-2.0218	5.37888	70.3118	0	1	
1	5.80258	2.2771	-22.1318	23.9046	0	0	
0	-2.54536	-1.02353	5.1511	70.3118	0	1	
1	6.47978	2.48296	-21.8375	23.9046	0	0	
0	-3.05316	-0.698648	5.14408	70.3118	0	1	
1	6.34702	3.43811	-21.2953	23.9046	0	0	
0	-1.57841	-0.453345	5.86902	70.3118	0	1	
1	6.48725	3.53019	-20.7067	23.9046	0	0	
0	-0.862056	-0.747602	6.02536	70.3118	0	1	
1	5.47389	2.09308	-21.2111	23.9046	1	0	
0	-0.831539	-1.12344	6.10941	70.3118	0	1	
1	4.69873	2.83435	-20.3981	23.9046	0	0	
0	-1.24486	-1.38099	5.63213	70.3118	0	1	
1	4.14003	1.41128	-19.6957	23.9046	1	0	
0	0.425397	-1.60037	5.88416	70.3118	0	1	
1	5.53635	-2.52146	-20.5492	23.9046	2	0	
0	0.746023	-2.30171	5.73008	70.3118	0	1	
1	4.99628	-2.02164	-20.36	23.9046	0	0	
0	0.403138	-3.5057	5.27854	119.766	0	1	
1	3.91801	-0.425724	-20.1116	35.8713	0	0	
0	0.477187	-3.30598	5.91199	119.766	0	1	
1	4.7973	-1.23673	-19.5394	35.8713	1	0	
0	1.15156	-3.8414	4.67608	119.766	0	1	
1	6.3577	-3.85942	-20.5765	35.8713	1	0	
0	0.843021	-3.77431	5.84652	119.766	0	1	
1	6.1735	-4.11685	-21.4068	35.8713	0	0	
0	1.85829	-6.00971	5.03978	119.766	0	1	
1	6.61254	-5.39492	-22.0446	35.8713	0	0	
0	1.28553	-5.22973	5.41275	119.766	0	1	
1	6.83437	-4.90815	-22.4928	35.8713	0	0	
0	1.4913	-5.45448	5.84686	119.766	0	1	
1	6.16457	-5.26386	-22.4654	35.8713	0	0	
0	1.02665	-5.45731	5.22097	119.766	0	1	
1	4.99434	-5.4521	-22.1734	35.8713	0	0	
0	0.642261	-5.07747	4.96369	119.766	0	1	
1	4.98374	-5.87198	-22.1779	35.8713	0	0	
0	1.16206	-5.39159	5.91736	119.766	0	1	
1	4.26434	-5.34877	-21.1387	35.8713	0	0	
0	1.26372	-4.53257	6.09238	144.067	0	1	
1	5.77472	-5.6504	-21.4446	67.4415	0	0	
0	1.80527	-5.41523	5.69437	144.067	0	1	
1	5.3021	-5.70641	-21.2759	67.4415	0	0	
0	1.82092	-5.97617	5.86237	144.067	0	1	
1	5.88669	-5.03133	-21.4616	67.4415	0	0	
0	2.58092	-6.77489	5.34927	144.067	0	1	
1	6.14202	-3.92755	-22.4663	67.4415	0	0	
0	2.87469	-8.4265	4.88234	144.067	0	1	
1	6.55694	-3.81358	-22.2331	67.4415	0	0	
0	3.05594	-7.67798	4.54089	144.067	0	1	
1	4.94753	-4.39046	-22.2269	67.4415	0	0	
0	2.48866	-7.80536	4.68732	144.067	0	1	
1	4.00887	-5.76947	-21.3523	67.4415	0	0	
0	1.32936	-6.81946	3.87427	144.067	0	1	
1	4.6422	-6.1631	-23.0287	67.4415	0	0	
0	0.480187	-8.79414	4.9971	144.067	1	1	
1	4.67025	-3.76606	-23.183	67.4415	1	0	
0	-0.117375	-8.63214	4.48056	144.067	0	1	
1	4.95172	-2.29207	-23.7655	67.4415	1	0	
0	0.686009	-9.78282	4.06538	180.761	0	1	
1	4.45524	-0.942046	-23.8051	21.1881	1	0	
0	0.741439	-10.3981	5.28634	180.761	0	1	
1	5.31863	0.220012	-23.9543	21.1881	1	0	
0	0.487179	-10.077	5.75557	180.761	0	1	
1	5.98591	2.61481	-24.4868	21.1881	1	0	
0	0.644503	-9.03839	6.09377	180.761	0	1	
1	6.90314	4.09757	-24.9978	21.1881	1	0	
0	0.0615543	-8.18138	6.56897	180.761	0	1	
1	8.95058	4.40845	-24.8953	21.1881	1	0	
0	-0.247851	-8.70373	6.77993	180.761	0	1	
1	8.83609	5.6696	-25.4792	21.1881	0	0	
0	-0.36478	-10.1915	7.96037	180.761	0	1	
1	10.646	6.18604	-24.8996	21.1881	1	0	
0	-0.273432	-5.69111	7.93149	180.761	2	1	
1	9.17156	6.55181	-25.3121	21.1881	0	0	
0	-1.21656	-1.16984	7.75301	180.761	2	1	
1	11.4691	5.78868	-25.0258	21.1881	1	0	
0	-1.35417	-0.714509	9.33293	180.761	1	1	
1	11.3316	6.48491	-25.519	21.1881	0	0	
0	-5.81098	2.88656	8.35691	30.9549	2	1	
1	11.8915	5.43084	-26.6324	42.8218	1	0	
0	-6.94411	3.54664	7.90521	30.9549	0	1	
1	10.3517	1.23772	-27.4433	42.8218	2	0	
0	-7.02909	2.74631	7.72501	30.9549	0	1	
1	9.31414	-0.839225	-26.5479	42.8218	1	0	
0	-6.52073	3.61614	8.26074	30.9549	0	1	
1	9.01298	-0.530254	-26.3053	42.8218	0	0	
0	-6.41639	4.42848	8.14002	30.9549	0	1	
1	7.93944	-0.919536	-27.522	42.8218	0	0	
0	-6.24852	4.20869	9.23701	30.9549	0	1	
1	7.63998	-1.98434	-28.1066	42.8218	0	0	
0	-7.86935	3.92019	9.37207	30.9549	1	1	
1	8.13751	-1.61483	-27.2025	42.8218	0	0	
0	-9.37354	3.51234	10.3869	30.9549	1	1	
1	7.94967	-2.18399	-27.8444	42.8218	0	0	
0	-10.5219	1.47332	10.1198	30.9549	1	1	
1	8.92786	-1.16072	-27.7697	42.8218	0	0	
0	-10.4563	0.658868	10.156	30.9549	1	1	
1	8.02421	-2.13099	-27.2579	42.8218	0	0	
0	-12.9998	-1.14476	10.5946	3.12092	1	1	
1	7.17972	-2.86637	-27.7583	16.6695	0	0	
0	-12.7638	-1.1223	10.3561	3.12092	0	1	
1	6.53414	-3.41297	-28.7531	16.6695	0	0	
0	-12.7585	-1.52218	10.9967	3.12092	0	1	
1	5.64365	-3.25047	-28.559	16.6695	0	0	
0	-13.0895	-0.763724	9.69875	3.12092	0	1	
1	5.60074	-3.36899	-28.7535	16.6695	0	0	
0	-13.7125	-1.53319	9.19549	3.12092	0	1	
1	5.50388	-3.21585	-28.7986	16.6695	0	0	
0	-14.0967	-0.912546	9.54253	3.12092	0	1	
1	5.04345	-2.5693	-29.3633	16.6695	0	0	
0	-14.061	-1.16539	10.3366	3.12092	0	1	
1	5.163	-2.55447	-28.88	16.6695	0	0	
0	-14.0504	-1.36109	9.90279	3.12092	0	1	
1	5.43606	-2.80642	-31.0069	16.6695	0	0	
0	-14.6654	-1.11161	10.7684	3.12092	0	1	
1	10.2491	-2.71805	-31.2015	16.6695	2	0	
0	-15.7053	-0.755352	11.3627	3.12092	0	1	
1	12.2214	-2.70939	-32.003	16.6695	1	0	
0	-15.74	-3.57132	11.1362	31.8278	1	1	
1	12.3598	-4.15621	-31.359	20.9561	0	0	
0	-15.7858	-4.32184	11.4882	31.8278	0	1	
1	12.6975	-5.32559	-30.737	20.9561	0	0	
0	-15.8199	-3.8297	11.5546	31.8278	0	1	
1	15.2485	-3.88534	-31.0244	20.9561	1	0	
0	-15.9402	-5.24163	12.4605	31.8278	0	1	
1	15.4405	-3.12389	-31.5474	20.9561	0	0	
0	-10.7523	-5.61931	11.7249	31.8278	2	1	
1	15.5756	-2.3411	-31.3976	20.9561	0	0	
0	-11.9409	-6.52086	10.7025	31.8278	0	1	
1	14.3871	-1.80193	-31.2808	20.9561	0	0	
0	-12.9707	-5.42217	10.8476	31.8278	0	1	
1	13.6072	-1.66735	-31.4894	20.9561	0	0	
0	-11.8322	-6.41995	10.7836	31.8278	0	1	
1	13.1191	-2.23492	-30.3229	20.9561	0	0	
0	-11.6034	-7.30127	10.034	31.8278	0	1	
1	12.4484	-1.02015	-28.5694	20.9561	1	0	
0	-11.1659	-7.24136	10.6752	31.8278	0	1	
1	11.9564	1.04535	-29.1105	20.9561	1	0	
0	-10.4123	-6.95289	10.2927	60.7049	0	1	
1	10.4941	3.28375	-29.1579	6.09311	1	0	
0	-10.4237	-7.00096	9.9644	60.7049	0	1	
1	10.7362	2.80505	-29.1839	6.09311	0	0	
0	-11.8196	-6.67881	10.2152	60.7049	0	1	
1	10.507	2.8196	-28.1149	6.09311	0	0	
0	-10.7636	-8.11174	10.0768	60.7049	0	1	
1	9.00066	2.78841	-28.8893	6.09311	1	0	
0	-10.6728	-7.53022	11.4966	60.7049	0	1	
1	8.60415	2.14036	-28.4085	6.09311	0	0	
0	-10.1473	-6.57606	12.2765	60.7049	0	1	
1	8.67903	1.29953	-28.4156	6.09311	0	0	
0	-11.0258	-6.54677	12.3096	60.7049	0	1	
1	8.83024	1.99977	-28.1566	6.09311	0	0	
0	-12.4897	-5.83144	12.0985	60.7049	0	1	
1	8.95308	0.610793	-27.9674	6.09311	0	0	
0	-13.4425	-4.88361	10.8672	60.7049	0	1	
1	9.03223	0.66258	-27.7346	6.09311	0	0	
0	-14.0888	-4.34219	10.6821	60.7049	0	1	
1	8.43392	-0.180265	-27.3908	6.09311	0	0	
0	-15.6493	-5.05874	10.5187	44.4813	0	1	
1	8.84896	-0.554823	-27.8192	8.04709	0	0	
0	-15.5117	-5.05978	10.2562	44.4813	0	1	
1	9.36622	-0.946436	-27.4047	8.04709	0	0	
0	-15.9053	-6.31177	9.50493	44.4813	0	1	
1	8.68218	-0.729784	-27.9377	8.04709	0	0	
0	-16.4222	-5.56727	9.44776	44.4813	0	1	
1	9.65523	-0.663828	-26.7745	8.04709	0	0	
0	-15.857	-4.98566	9.53871	44.4813	0	1	
1	10.1228	-1.23059	-27.2259	8.04709	0	0	
0	-15.5397	-5.25945	9.68102	44.4813	0	1	
1	10.174	-1.18322	-27.1555	8.04709	0	0	
0	-16.5924	-6.13286	9.49576	44.4813	0	1	
1	10.7177	-1.56894	-27.5482	8.04709	0	0	
0	-16.8313	-6.57671	10.0601	44.4813	0	1	
1	10.0291	-2.02444	-27.7412	8.04709	0	0	
0	-18.5342	-5.89929	8.71132	44.4813	0	1	
1	10.6368	-1.20525	-27.6778	8.04709	0	0	
0	-18.6339	-6.13163	8.43675	44.4813	0	1	
1	10.4849	-0.400353	-28.4086	8.04709	0	0	
0	-19.9599	-6.34846	7.95416	113.834	1	1	
1	7.28199	1.28237	-28.7266	1.62866	1	0	
0	-19.0669	-1.21692	7.34822	113.834	2	1	
1	6.7617	0.859764	-28.9325	1.62866	0	0	
0	-17.5406	3.54432	7.54355	113.834	2	1	
1	6.70205	1.04288	-28.7503	1.62866	0	0	
0	-16.0024	3.75703	7.92586	113.834	0	1	
1	6.63741	0.67755	-27.6884	1.62866	0	0	
0	-15.8488	4.01929	7.63263	113.834	0	1	
1	6.22374	0.88725	-28.1751	1.62866	0	0	
0	-15.3099	4.04263	8.66856	113.834	0	1	
1	6.25375	0.404873	-28.1321	1.62866	0	0	
0	-15.8372	3.86988	8.09639	113.834	0	1	
1	6.66401	0.308117	-28.22	1.62866	0	0	
0	-15.2888	3.79177	6.22513	113.834	0	1	
1	6.36768	0.00441754	-28.6797	1.62866	0	0	
0	-10.5139	4.70288	7.00714	113.834	2	1	
1	6.94291	-0.515528	-28.9707	1.62866	0	0	
0	-11	5.53083	6.85859	113.834	0	1	
1	7.34459	-0.397596	-28.0847	1.62866	0	0	
0	-9.85087	5.19224	6.91021	38.9016	0	1	
1	6.44857	-0.822023	-27.8367	15.2531	0	0	
0	-8.29953	4.78363	6.43344	38.9016	0	1	
1	6.11463	-0.560833	-27.2125	15.2531	0	0	
0	-7.95759	5.60247	6.29507	38.9016	0	1	
1	6.17078	-0.441241	-27.1681	15.2531	0	0	
0	-7.78467	5.54477	7.31809	38.9016	0	1	
1	5.5364	-0.849754	-27.06	15.2531	0	0	
0	-8.85763	5.23733	7.60655	38.9016	0	1	
1	5.25691	-0.986198	-27.4736	15.2531	0	0	
0	-7.70733	6.04745	7.42784	38.9016	0	1	
1	5.66573	-0.112932	-26.5164	15.2531	0	0	
0	-7.43977	4.95065	7.31204	38.9016	0	1	
1	5.63512	-2.24651	-27.5146	15.2531	1	0	
0	-8.32486	4.17491	7.48184	38.9016	0	1	
1	5.22466	-2.05262	-27.2876	15.2531	0	0	
0	-8.4173	4.17729	8.5321	38.9016	0	1	
1	6.75321	-2.61363	-26.0666	15.2531	0	0	
0	-8.76518	5.70289	7.87777	38.9016	0	1	
1	7.75692	-2.53483	-25.8105	15.2531	0	0	
0	-9.73231	5.32159	7.60381	42.7545	0	1	
1	9.49058	-3.49791	-26.1594	13.9101	1	0	
0	-10.3196	5.8247	7.52644	42.7545	0	1	
1	10.7008	-2.59666	-24.8459	13.9101	0	0	
0	-10.0772	4.48527	7.46112	42.7545	0	1	
1	11.1932	-1.56979	-24.1913	13.9101	1	0	
0	-10.4541	4.32512	8.04192	42.7545	0	1	
1	12.1945	-0.62321	-24.4233	13.9101	1	0	
0	-10.1825	3.94764	8.25748	42.7545	0	1	
1	11.7435	-0.122343	-23.9342	13.9101	0	0	
0	-11.2469	2.90438	8.60412	42.7545	0	1	
1	11.5718	-0.555287	-23.8787	13.9101	0	0	
0	-10.7633	3.27765	9.10341	42.7545	0	1	
1	12.9781	0.683955	-24.6654	13.9101	1	0	
0	-10.9212	3.71525	9.67876	42.7545	0	1	
1	12.5071	1.29026	-24.5437	13.9101	0	0	
0	-13.226	2.35163	9.82105	42.7545	1	1	
1	11.9916	1.87328	-24.8886	13.9101	0	0	
0	-13.9756	2.51669	9.4796	42.7545	0	1	
1	12.1401	0.767138	-24.7253	13.9101	0	0	
0	-13.7957	2.25719	9.28701	31.1151	0	1	
1	11.0559	1.25843	-24.8155	12.6867	0	0	
0	-14.0241	4.03812	9.96792	31.1151	0	1	
1	10.7672	1.51085	-24.2459	12.6867	0	0	
0	-13.0812	3.52029	9.6107	31.1151	0	1	
1	10.5448	1.63635	-24.5245	12.6867	0	0	
0	-13.5823	3.70658	9.5639	31.1151	0	1	
1	10.2354	1.36466	-24.2577	12.6867	0	0	
0	-13.7729	5.05449	9.87456	31.1151	0	1	
1	9.09448	0.765358	-24.6608	12.6867	0	0	
0	-13.0967	4.71622	8.66014	31.1151	0	1	
1	11.1438	1.57598	-24.5492	12.6867	1	0	
0	-13.8901	5.01988	9.33607	31.1151	0	1	
1	12.3459	2.59046	-25.212	12.6867	0	0	
0	-15.1133	4.46144	9.53903	31.1151	0	1	
1	12.627	2.29099	-25.2751	12.6867	0	0	
0	-14.6392	4.72735	9.30036	31.1151	0	1	
1	12.7809	1.78907	-24.5664	12.6867	0	0	
0	-15.1016	5.64413	9.79288	31.1151	0	1	
1	11.2781	2.97217	-24.2372	12.6867	0	0	
0	-15.2353	6.40612	8.8997	65.8319	0	1	
1	11.6208	4.12993	-23.7534	18.9125	0	0	
0	-15.6154	6.59431	8.62708	65.8319	0	1	
1	12.1666	4.59929	-23.4004	18.9125	0	0	
0	-15.0023	6.92198	8.84956	65.8319	0	1	
1	12.4719	4.95412	-23.0227	18.9125	0	0	
0	-14.7778	6.0991	8.59429	65.8319	0	1	
1	12.6608	4.62377	-23.6219	18.9125	0	0	
0	-14.4646	5.74323	9.58976	65.8319	0	1	
1	11.559	4.29434	-23.0774	18.9125	0	0	
0	-14.1972	5.80335	9.62636	65.8319	0	1	
1	12.8892	5.40199	-22.6626	18.9125	0	0	
0	-14.0507	5.8461	10.1545	65.8319	0	1	
1	13.0902	5.19263	-22.5289	18.9125	0	0	
0	-15.1512	4.95861	9.1505	65.8319	1	1	
1	10.829	5.20541	-22.0331	18.9125	1	0	
0	-15.1862	5.12652	9.14989	65.8319	0	1	
1	8.702	4.66079	-21.5153	18.9125	1	0	
0	-15.0592	4.7746	8.98925	65.8319	0	1	
1	6.37674	2.27704	-21.6194	18.9125	1	0	
0	-14.2466	4.63015	9.10795	56.0925	0	1	
1	6.62236	2.49533	-21.8044	26.0922	0	0	
