0	0.5652
999	0.5652
1999	0.5652
2999	0.5652
3999	0.5652
4999	0.5652
5999	0.5652
6999	0.5652
7999	0.565201
8999	0.565201
9999	0.565201
10999	0.379008
11999	0.379008
12999	0.379008
13999	0.379008
14999	0.379008
15999	0.379008
16999	0.379008
17999	0.379008
18999	0.379008
19999	0.379008
20999	0.537336
21999	0.537336
22999	0.537336
23999	0.537336
24999	0.537336
25999	0.537336
26999	0.537336
27999	0.537336
28999	0.537336
29999	0.537336
30999	0.593402
31999	0.593402
32999	0.593402
33999	0.593402
34999	0.593402
35999	0.593402
36999	0.593402
37999	0.593402
38999	0.593402
39999	0.593402
40999	0.55479
41999	0.55479
42999	0.55479
43999	0.55479
44999	0.55479
45999	0.55479
46999	0.55479
47999	0.55479
48999	0.55479
49999	0.55479
50999	0.465776
51999	0.465776
52999	0.465776
53999	0.465776
54999	0.465776
55999	0.465776
56999	0.465776
57999	0.465776
58999	0.465776
59999	0.465775
60999	0.42781
61999	0.427811
62999	0.427811
63999	0.427811
64999	0.42781
65999	0.427811
66999	0.427811
67999	0.427811
68999	0.42781
69999	0.427811
70999	0.468634
71999	0.468634
72999	0.468634
73999	0.468634
74999	0.468634
75999	0.468634
76999	0.468634
77999	0.468634
78999	0.468634
79999	0.468634
80999	0.475489
81999	0.475489
82999	0.475489
83999	0.475489
84999	0.475489
85999	0.475489
86999	0.475489
87999	0.475489
88999	0.475489
89999	0.475489
90999	0.473044
91999	0.473043
92999	0.473043
93999	0.473043
94999	0.473043
95999	0.473043
96999	0.473043
97999	0.473043
98999	0.473043
99999	0.473043
100999	0.395048
101999	0.395047
102999	0.395048
103999	0.395048
104999	0.395047
105999	0.395048
106999	0.395047
107999	0.395047
108999	0.395047
109999	0.395047
110999	0.420726
111999	0.420726
112999	0.420726
113999	0.420726
114999	0.420726
115999	0.420726
116999	0.420726
117999	0.420726
118999	0.420726
119999	0.420726
120999	0.508554
121999	0.508554
122999	0.508554
123999	0.508554
124999	0.508554
125999	0.508554
126999	0.508554
127999	0.508554
128999	0.508554
129999	0.508554
130999	0.590217
131999	0.590217
132999	0.590217
133999	0.590217
134999	0.590217
135999	0.590217
136999	0.590217
137999	0.590217
138999	0.590217
139999	0.590217
140999	0.558249
141999	0.55825
142999	0.55825
143999	0.55825
144999	0.55825
145999	0.55825
146999	0.55825
147999	0.55825
148999	0.55825
149999	0.55825
150999	0.555609
151999	0.555609
152999	0.555609
153999	0.555609
154999	0.555609
155999	0.555609
156999	0.555609
157999	0.555609
158999	0.555609
159999	0.555609
160999	0.678223
161999	0.678223
162999	0.678223
163999	0.678223
164999	0.678223
165999	0.678223
166999	0.678223
167999	0.678223
168999	0.678223
169999	0.678223
170999	0.797588
171999	0.797588
172999	0.797588
173999	0.797588
174999	0.797588
175999	0.797588
176999	0.797588
177999	0.797588
178999	0.797588
179999	0.797588
180999	0.799796
181999	0.799796
182999	0.799796
183999	0.799796
184999	0.799796
185999	0.799796
186999	0.799796
187999	0.799796
188999	0.799796
189999	0.799796
190999	0.823875
191999	0.823875
192999	0.823875
193999	0.823875
194999	0.823875
195999	0.823875
196999	0.823875
197999	0.823875
198999	0.823875
199999	0.823875
200999	0.791519
201999	0.791519
202999	0.791519
203999	0.791519
204999	0.791519
205999	0.791519
206999	0.791519
207999	0.791519
208999	0.791519
209999	0.791519
210999	0.732049
211999	0.732049
212999	0.73205
213999	0.73205
214999	0.73205
215999	0.73205
216999	0.732049
217999	0.73205
218999	0.73205
219999	0.73205
220999	0.664501
221999	0.664501
222999	0.664501
223999	0.664501
224999	0.6645
225999	0.6645
226999	0.6645
227999	0.6645
228999	0.6645
229999	0.664501
230999	0.721259
231999	0.721259
232999	0.721259
233999	0.721259
234999	0.72126
235999	0.72126
236999	0.72126
237999	0.72126
238999	0.72126
239999	0.721261
240999	0.887718
241999	0.887718
242999	0.887718
243999	0.887718
244999	0.887718
245999	0.887718
246999	0.887718
247999	0.887718
248999	0.887718
249999	0.887718
250999	0.913508
251999	0.913508
252999	0.913508
253999	0.913508
254999	0.913508
255999	0.913508
256999	0.913508
257999	0.913508
258999	0.913508
259999	0.913508
260999	0.89497
261999	0.89497
262999	0.89497
263999	0.89497
264999	0.89497
265999	0.89497
266999	0.89497
267999	0.894971
268999	0.89497
269999	0.89497
270999	0.950225
271999	0.950225
272999	0.950224
273999	0.950225
274999	0.950224
275999	0.950225
276999	0.950225
277999	0.950225
278999	0.950225
279999	0.950225
280999	0.928122
281999	0.928122
282999	0.928123
283999	0.928122
284999	0.928122
285999	0.928122
286999	0.928123
287999	0.928122
288999	0.928122
289999	0.928123
290999	0.868753
291999	0.868753
292999	0.868753
293999	0.868753
294999	0.868753
295999	0.868753
296999	0.868753
297999	0.868753
298999	0.868753
299999	0.868753
300999	0.918459
301999	0.918459
302999	0.918459
303999	0.918459
304999	0.918459
305999	0.918459
306999	0.918459
307999	0.918458
308999	0.918459
309999	0.918459
310999	0.93339
311999	0.93339
312999	0.93339
313999	0.93339
314999	0.93339
315999	0.93339
316999	0.93339
317999	0.93339
318999	0.93339
319999	0.93339
320999	1.02936
321999	1.02936
322999	1.02936
323999	1.02936
324999	1.02936
325999	1.02936
326999	1.02936
327999	1.02936
328999	1.02936
329999	1.02936
330999	1.01231
331999	1.01231
332999	1.01231
333999	1.01231
334999	1.01231
335999	1.01231
336999	1.01231
337999	1.01231
338999	1.01231
339999	1.01231
340999	0.958668
341999	0.958668
342999	0.958668
343999	0.958667
344999	0.958668
345999	0.958668
346999	0.958668
347999	0.958668
348999	0.958668
349999	0.958668
350999	0.962227
351999	0.962227
352999	0.962227
353999	0.962227
354999	0.962227
355999	0.962227
356999	0.962227
357999	0.962227
358999	0.962227
359999	0.962227
360999	1.05331
361999	1.05331
362999	1.05331
363999	1.05331
364999	1.05331
365999	1.05331
366999	1.05331
367999	1.05331
368999	1.05331
369999	1.05331
370999	0.974986
371999	0.974986
372999	0.974986
373999	0.974986
374999	0.974986
375999	0.974986
376999	0.974986
377999	0.974986
378999	0.974986
379999	0.974986
380999	0.941544
381999	0.941544
382999	0.941544
383999	0.941544
384999	0.941544
385999	0.941544
386999	0.941544
387999	0.941544
388999	0.941544
389999	0.941544
390999	0.964639
391999	0.964639
392999	0.964639
393999	0.964639
394999	0.964639
395999	0.964639
396999	0.964639
397999	0.964639
398999	0.964639
399999	0.964639
400999	0.983436
401999	0.983436
402999	0.983436
403999	0.983436
404999	0.983436
405999	0.983436
406999	0.983436
407999	0.983436
408999	0.983436
409999	0.983436
410999	0.832923
411999	0.832923
412999	0.832923
413999	0.832923
414999	0.832923
415999	0.832923
416999	0.832923
417999	0.832923
418999	0.832923
419999	0.832923
420999	0.849878
421999	0.849878
422999	0.849878
423999	0.849878
424999	0.849878
425999	0.849878
426999	0.849878
427999	0.849878
428999	0.849878
429999	0.849878
430999	0.903098
431999	0.903098
432999	0.903098
433999	0.903098
434999	0.903098
435999	0.903098
436999	0.903098
437999	0.903098
438999	0.903098
439999	0.903098
440999	0.889304
441999	0.889304
442999	0.889304
443999	0.889304
444999	0.889303
445999	0.889303
446999	0.889303
447999	0.889303
448999	0.889303
449999	0.889303
450999	0.912006
451999	0.912006
452999	0.912006
453999	0.912007
454999	0.912007
455999	0.912007
456999	0.912007
457999	0.912007
458999	0.912007
459999	0.912007
460999	0.88015
461999	0.88015
462999	0.88015
463999	0.88015
464999	0.88015
465999	0.88015
466999	0.88015
467999	0.88015
468999	0.88015
469999	0.88015
470999	0.878875
471999	0.878875
472999	0.878875
473999	0.878875
474999	0.878875
475999	0.878875
476999	0.878876
477999	0.878876
478999	0.878876
479999	0.878876
480999	0.919306
481999	0.919306
482999	0.919305
483999	0.919305
484999	0.919304
485999	0.919304
486999	0.919304
487999	0.919304
488999	0.919304
489999	0.919304
490999	0.789922
491999	0.789923
492999	0.789923
493999	0.789923
494999	0.789923
495999	0.789923
496999	0.789924
497999	0.789924
498999	0.789924
499999	0.789924
500999	0.760753
501999	0.760752
502999	0.760752
503999	0.760752
504999	0.760752
505999	0.760751
506999	0.760751
507999	0.760751
508999	0.760751
509999	0.760751
510999	0.685965
511999	0.685965
512999	0.685965
513999	0.685965
514999	0.685965
515999	0.685965
516999	0.685965
517999	0.685965
518999	0.685965
519999	0.685965
520999	0.650416
521999	0.650416
522999	0.650416
523999	0.650416
524999	0.650416
525999	0.650416
526999	0.650416
527999	0.650416
528999	0.650416
529999	0.650416
530999	0.721463
531999	0.721463
532999	0.721463
533999	0.721463
534999	0.721463
535999	0.721463
536999	0.721463
537999	0.721463
538999	0.721463
539999	0.721463
540999	0.766845
541999	0.766845
542999	0.766845
543999	0.766845
544999	0.766845
545999	0.766845
546999	0.766845
547999	0.766845
548999	0.766845
549999	0.766845
550999	0.767394
551999	0.767394
552999	0.767394
553999	0.767394
554999	0.767394
555999	0.767394
556999	0.767394
557999	0.767394
558999	0.767394
559999	0.767394
560999	0.883308
561999	0.883308
562999	0.883308
563999	0.883308
564999	0.883308
565999	0.883308
566999	0.883308
567999	0.883308
568999	0.883308
569999	0.883308
570999	0.868226
571999	0.868226
572999	0.868226
573999	0.868226
574999	0.868226
575999	0.868226
576999	0.868226
577999	0.868226
578999	0.868226
579999	0.868226
580999	0.812906
581999	0.812906
582999	0.812906
583999	0.812906
584999	0.812906
585999	0.812906
586999	0.812906
587999	0.812906
588999	0.812906
589999	0.812906
590999	0.782398
591999	0.782398
592999	0.782398
593999	0.782398
594999	0.782398
595999	0.782398
596999	0.782398
597999	0.782398
598999	0.782398
599999	0.782398
600999	0.72846
601999	0.728461
602999	0.728461
603999	0.728461
604999	0.728461
605999	0.728461
606999	0.728461
607999	0.728461
608999	0.728461
609999	0.728461
610999	0.787489
611999	0.787489
612999	0.787489
613999	0.787489
614999	0.787489
615999	0.787489
616999	0.787489
617999	0.787489
618999	0.787489
619999	0.787489
620999	0.759165
621999	0.759165
622999	0.759165
623999	0.759165
624999	0.759165
625999	0.759165
626999	0.759165
627999	0.759165
628999	0.759165
629999	0.759165
630999	0.676308
631999	0.676308
632999	0.676307
633999	0.676307
634999	0.676307
635999	0.676307
636999	0.676307
637999	0.676307
638999	0.676307
639999	0.676306
640999	0.831271
641999	0.831271
642999	0.831271
643999	0.831271
644999	0.831271
645999	0.831271
646999	0.831271
647999	0.831271
648999	0.831271
649999	0.831271
650999	0.827496
651999	0.827496
652999	0.827496
653999	0.827496
654999	0.827496
655999	0.827496
656999	0.827496
657999	0.827496
658999	0.827496
659999	0.827496
660999	0.869171
661999	0.869171
662999	0.869171
663999	0.869171
664999	0.869171
665999	0.869171
666999	0.869171
667999	0.869171
668999	0.869171
669999	0.869171
670999	1.10661
671999	1.10661
672999	1.10661
673999	1.10661
674999	1.10661
675999	1.10661
676999	1.10661
677999	1.10661
678999	1.10661
679999	1.10661
680999	1.15221
681999	1.15221
682999	1.15221
683999	1.15221
684999	1.15221
685999	1.15221
686999	1.15221
687999	1.15221
688999	1.15221
689999	1.15221
690999	1.04589
691999	1.04589
692999	1.04589
693999	1.04589
694999	1.04589
695999	1.04589
696999	1.04589
697999	1.04589
698999	1.04589
699999	1.04589
700999	1.12765
701999	1.12765
702999	1.12765
703999	1.12765
704999	1.12765
705999	1.12765
706999	1.12765
707999	1.12765
708999	1.12765
709999	1.12765
710999	0.99837
711999	0.99837
712999	0.99837
713999	0.99837
714999	0.99837
715999	0.99837
716999	0.99837
717999	0.99837
718999	0.99837
719999	0.99837
720999	0.95374
721999	0.95374
722999	0.95374
723999	0.95374
724999	0.95374
725999	0.95374
726999	0.95374
727999	0.95374
728999	0.95374
729999	0.95374
730999	1.14645
731999	1.14645
732999	1.14645
733999	1.14645
734999	1.14645
735999	1.14645
736999	1.14645
737999	1.14645
738999	1.14645
739999	1.14645
740999	1.2049
741999	1.2049
742999	1.2049
743999	1.2049
744999	1.2049
745999	1.2049
746999	1.2049
747999	1.2049
748999	1.2049
749999	1.2049
750999	1.02529
751999	1.02529
752999	1.02529
753999	1.02529
754999	1.02529
755999	1.02529
756999	1.02529
757999	1.02529
758999	1.02529
759999	1.02529
760999	1.11358
761999	1.11358
762999	1.11358
763999	1.11358
764999	1.11358
765999	1.11358
766999	1.11358
767999	1.11358
768999	1.11358
769999	1.11358
770999	0.975945
771999	0.975945
772999	0.975945
773999	0.975945
774999	0.975945
775999	0.975945
776999	0.975945
777999	0.975945
778999	0.975945
779999	0.975945
780999	0.988807
781999	0.988807
782999	0.988807
783999	0.988807
784999	0.988807
785999	0.988807
786999	0.988807
787999	0.988807
788999	0.988807
789999	0.988807
790999	0.96511
791999	0.96511
792999	0.96511
793999	0.96511
794999	0.96511
795999	0.96511
796999	0.96511
797999	0.96511
798999	0.96511
799999	0.96511
800999	0.994927
801999	0.994927
802999	0.994927
803999	0.994927
804999	0.994927
805999	0.994927
806999	0.994927
807999	0.994927
808999	0.994927
809999	0.994927
810999	1.00223
811999	1.00223
812999	1.00223
813999	1.00223
814999	1.00223
815999	1.00223
816999	1.00223
817999	1.00223
818999	1.00223
819999	1.00223
820999	1.0455
821999	1.0455
822999	1.0455
823999	1.0455
824999	1.0455
825999	1.0455
826999	1.0455
827999	1.0455
828999	1.0455
829999	1.0455
830999	0.935731
831999	0.935731
832999	0.935731
833999	0.935731
834999	0.935731
835999	0.935731
836999	0.935731
837999	0.935731
838999	0.935731
839999	0.935731
840999	0.916819
841999	0.916819
842999	0.916819
843999	0.916819
844999	0.916819
845999	0.916819
846999	0.916819
847999	0.916819
848999	0.916819
849999	0.916819
850999	0.95177
851999	0.95177
852999	0.95177
853999	0.95177
854999	0.95177
855999	0.95177
856999	0.95177
857999	0.95177
858999	0.95177
859999	0.95177
860999	1.07971
861999	1.07971
862999	1.07971
863999	1.07971
864999	1.07971
865999	1.07971
866999	1.07971
867999	1.07971
868999	1.07971
869999	1.07971
870999	1.15484
871999	1.15484
872999	1.15484
873999	1.15484
874999	1.15484
875999	1.15484
876999	1.15484
877999	1.15484
878999	1.15484
879999	1.15484
880999	1.01802
881999	1.01802
882999	1.01802
883999	1.01802
884999	1.01802
885999	1.01802
886999	1.01802
887999	1.01802
888999	1.01802
889999	1.01802
890999	0.93833
891999	0.93833
892999	0.93833
893999	0.93833
894999	0.93833
895999	0.93833
896999	0.93833
897999	0.93833
898999	0.938329
899999	0.938329
900999	1.0298
901999	1.0298
902999	1.0298
903999	1.0298
904999	1.0298
905999	1.0298
906999	1.0298
907999	1.0298
908999	1.0298
909999	1.0298
910999	1.04344
911999	1.04344
912999	1.04344
913999	1.04344
914999	1.04344
915999	1.04344
916999	1.04344
917999	1.04344
918999	1.04344
919999	1.04344
920999	0.932697
921999	0.932698
922999	0.932697
923999	0.932698
924999	0.932698
925999	0.932698
926999	0.932698
927999	0.932698
928999	0.932698
929999	0.932698
930999	0.974255
931999	0.974254
932999	0.974254
933999	0.974254
934999	0.974255
935999	0.974255
936999	0.974255
937999	0.974255
938999	0.974255
939999	0.974255
940999	1.00688
941999	1.00688
942999	1.00688
943999	1.00688
944999	1.00688
945999	1.00688
946999	1.00688
947999	1.00688
948999	1.00688
949999	1.00688
950999	0.893375
951999	0.893375
952999	0.893374
953999	0.893375
954999	0.893374
955999	0.893374
956999	0.893374
957999	0.893374
958999	0.893374
959999	0.893374
960999	0.855483
961999	0.855483
962999	0.855483
963999	0.855483
964999	0.855483
965999	0.855483
966999	0.855483
967999	0.855483
968999	0.855483
969999	0.855483
970999	0.830797
971999	0.830797
972999	0.830797
973999	0.830797
974999	0.830797
975999	0.830797
976999	0.830797
977999	0.830797
978999	0.830797
979999	0.830797
980999	0.737085
981999	0.737085
982999	0.737085
983999	0.737085
984999	0.737085
985999	0.737085
986999	0.737085
987999	0.737085
988999	0.737085
989999	0.737085
990999	0.633807
991999	0.633807
992999	0.633807
993999	0.633807
994999	0.633807
995999	0.633807
996999	0.633807
997999	0.633807
998999	0.633807
999999	0.633807
1000999	0.644071
1001999	0.644071
1002999	0.644071
1003999	0.644071
1004999	0.644071
1005999	0.644071
1006999	0.644071
1007999	0.644071
1008999	0.644071
1009999	0.644071
1010999	0.564429
1011999	0.564429
1012999	0.564429
1013999	0.564429
1014999	0.564428
1015999	0.564429
1016999	0.564429
1017999	0.564428
1018999	0.564428
1019999	0.564429
1020999	0.626691
1021999	0.626691
1022999	0.626691
1023999	0.626691
1024999	0.626691
1025999	0.626691
1026999	0.626691
1027999	0.626691
1028999	0.626691
1029999	0.626691
1030999	0.627351
1031999	0.627351
1032999	0.627351
1033999	0.627351
1034999	0.627351
1035999	0.627351
1036999	0.627352
1037999	0.627351
1038999	0.627351
1039999	0.627351
1040999	0.521129
1041999	0.521129
1042999	0.521129
1043999	0.521129
1044999	0.521129
1045999	0.521129
1046999	0.521129
1047999	0.521129
1048999	0.521129
1049999	0.521129
1050999	0.457312
1051999	0.457312
1052999	0.457312
1053999	0.457312
1054999	0.457312
1055999	0.457312
1056999	0.457312
1057999	0.457312
1058999	0.457312
1059999	0.457312
1060999	0.524494
1061999	0.524494
1062999	0.524494
1063999	0.524494
1064999	0.524494
1065999	0.524494
1066999	0.524494
1067999	0.524494
1068999	0.524494
1069999	0.524494
1070999	0.448112
1071999	0.448112
1072999	0.448113
1073999	0.448112
1074999	0.448112
1075999	0.448112
1076999	0.448113
1077999	0.448113
1078999	0.448113
1079999	0.448113
1080999	0.470173
1081999	0.470173
1082999	0.470174
1083999	0.470173
1084999	0.470173
1085999	0.470173
1086999	0.470173
1087999	0.470173
1088999	0.470173
1089999	0.470173
1090999	0.506137
1091999	0.506137
1092999	0.506137
1093999	0.506137
1094999	0.506137
1095999	0.506137
1096999	0.506137
1097999	0.506137
1098999	0.506137
1099999	0.506137
1100999	0.539414
1101999	0.539414
1102999	0.539414
1103999	0.539414
1104999	0.539414
1105999	0.539414
1106999	0.539414
1107999	0.539414
1108999	0.539414
1109999	0.539414
1110999	0.545595
1111999	0.545595
1112999	0.545595
1113999	0.545595
1114999	0.545595
1115999	0.545595
1116999	0.545595
1117999	0.545595
1118999	0.545595
1119999	0.545595
1120999	0.676992
1121999	0.676992
1122999	0.676992
1123999	0.676992
1124999	0.676992
1125999	0.676992
1126999	0.676992
1127999	0.676992
1128999	0.676993
1129999	0.676993
1130999	0.464172
1131999	0.464172
1132999	0.464172
1133999	0.464172
1134999	0.464172
1135999	0.464172
1136999	0.464172
1137999	0.464172
1138999	0.464172
1139999	0.464172
1140999	0.550084
1141999	0.550084
1142999	0.550084
1143999	0.550084
1144999	0.550084
1145999	0.550084
1146999	0.550084
1147999	0.550084
1148999	0.550084
1149999	0.550084
1150999	0.591651
1151999	0.591651
1152999	0.591651
1153999	0.591651
1154999	0.591651
1155999	0.591651
1156999	0.591651
1157999	0.591651
1158999	0.591651
1159999	0.591651
1160999	0.57588
1161999	0.57588
1162999	0.57588
1163999	0.57588
1164999	0.57588
1165999	0.57588
1166999	0.57588
1167999	0.57588
1168999	0.57588
1169999	0.57588
1170999	0.474544
1171999	0.474544
1172999	0.474544
1173999	0.474544
1174999	0.474543
1175999	0.474544
1176999	0.474543
1177999	0.474544
1178999	0.474543
1179999	0.474544
1180999	0.489583
1181999	0.489583
1182999	0.489583
1183999	0.489583
1184999	0.489583
1185999	0.489583
1186999	0.489583
1187999	0.489583
1188999	0.489583
1189999	0.489582
1190999	0.517889
1191999	0.517889
1192999	0.517889
1193999	0.517889
1194999	0.517889
1195999	0.517889
1196999	0.517889
1197999	0.517889
1198999	0.517889
1199999	0.517889
1200999	0.542021
1201999	0.542021
1202999	0.542021
1203999	0.542021
1204999	0.542021
1205999	0.542021
1206999	0.542021
1207999	0.542021
1208999	0.542021
1209999	0.542021
1210999	0.689154
1211999	0.689154
1212999	0.689154
1213999	0.689154
1214999	0.689154
1215999	0.689154
1216999	0.689154
1217999	0.689154
1218999	0.689154
1219999	0.689154
1220999	0.706527
1221999	0.706527
1222999	0.706527
1223999	0.706527
1224999	0.706527
1225999	0.706527
1226999	0.706527
1227999	0.706527
1228999	0.706527
1229999	0.706527
1230999	0.631613
1231999	0.631613
1232999	0.631613
1233999	0.631613
1234999	0.631613
1235999	0.631613
1236999	0.631613
1237999	0.631613
1238999	0.631613
1239999	0.631613
1240999	0.583195
1241999	0.583195
1242999	0.583195
1243999	0.583195
1244999	0.583195
1245999	0.583195
1246999	0.583195
1247999	0.583195
1248999	0.583195
1249999	0.583195
1250999	0.661819
1251999	0.661819
1252999	0.661819
1253999	0.661819
1254999	0.661819
1255999	0.661819
1256999	0.661819
1257999	0.661819
1258999	0.661819
1259999	0.661819
1260999	0.765707
1261999	0.765707
1262999	0.765707
1263999	0.765707
1264999	0.765707
1265999	0.765707
1266999	0.765707
1267999	0.765707
1268999	0.765707
1269999	0.765707
1270999	0.687864
1271999	0.687864
1272999	0.687864
1273999	0.687864
1274999	0.687864
1275999	0.687864
1276999	0.687864
1277999	0.687864
1278999	0.687864
1279999	0.687864
1280999	0.672833
1281999	0.672833
1282999	0.672833
1283999	0.672833
1284999	0.672833
1285999	0.672833
1286999	0.672833
1287999	0.672833
1288999	0.672833
1289999	0.672833
1290999	0.498803
1291999	0.498803
1292999	0.498803
1293999	0.498803
1294999	0.498803
1295999	0.498803
1296999	0.498803
1297999	0.498803
1298999	0.498803
1299999	0.498803
1300999	0.513101
1301999	0.513101
1302999	0.513101
1303999	0.513101
1304999	0.513101
1305999	0.513101
1306999	0.513101
1307999	0.513101
1308999	0.513101
1309999	0.513101
1310999	0.77969
1311999	0.77969
1312999	0.77969
1313999	0.77969
1314999	0.77969
1315999	0.77969
1316999	0.77969
1317999	0.77969
1318999	0.77969
1319999	0.77969
1320999	0.80562
1321999	0.80562
1322999	0.80562
1323999	0.80562
1324999	0.80562
1325999	0.80562
1326999	0.80562
1327999	0.80562
1328999	0.80562
1329999	0.80562
1330999	0.759543
1331999	0.759543
1332999	0.759543
1333999	0.759543
1334999	0.759543
1335999	0.759543
1336999	0.759543
1337999	0.759543
1338999	0.759543
1339999	0.759543
1340999	0.92436
1341999	0.92436
1342999	0.92436
1343999	0.92436
1344999	0.924359
1345999	0.924359
1346999	0.924359
1347999	0.924359
1348999	0.924359
1349999	0.924359
1350999	0.927457
1351999	0.927457
1352999	0.927457
1353999	0.927457
1354999	0.927457
1355999	0.927457
1356999	0.927457
1357999	0.927457
1358999	0.927457
1359999	0.927457
1360999	0.831774
1361999	0.831774
1362999	0.831774
1363999	0.831774
1364999	0.831774
1365999	0.831774
1366999	0.831774
1367999	0.831774
1368999	0.831774
1369999	0.831774
1370999	0.575592
1371999	0.575592
1372999	0.575592
1373999	0.575592
1374999	0.575592
1375999	0.575592
1376999	0.575592
1377999	0.575592
1378999	0.575592
1379999	0.575592
1380999	0.596172
1381999	0.596171
1382999	0.596171
1383999	0.596171
1384999	0.596171
1385999	0.596172
1386999	0.596172
1387999	0.596171
1388999	0.596171
1389999	0.596172
1390999	0.683872
1391999	0.683872
1392999	0.683872
1393999	0.683872
1394999	0.683872
1395999	0.683872
1396999	0.683872
1397999	0.683872
1398999	0.683872
1399999	0.683872
1400999	0.779926
1401999	0.779926
1402999	0.779926
1403999	0.779926
1404999	0.779926
1405999	0.779926
1406999	0.779926
1407999	0.779926
1408999	0.779926
1409999	0.779926
1410999	0.788295
1411999	0.788295
1412999	0.788295
1413999	0.788295
1414999	0.788295
1415999	0.788294
1416999	0.788295
1417999	0.788295
1418999	0.788295
1419999	0.788295
1420999	0.872582
1421999	0.872582
1422999	0.872582
1423999	0.872582
1424999	0.872583
1425999	0.872582
1426999	0.872582
1427999	0.872582
1428999	0.872582
1429999	0.872582
1430999	0.904821
1431999	0.904821
1432999	0.904821
1433999	0.904821
1434999	0.904821
1435999	0.904821
1436999	0.904821
1437999	0.904821
1438999	0.904821
1439999	0.904821
1440999	1.05199
1441999	1.05199
1442999	1.05199
1443999	1.05199
1444999	1.05199
1445999	1.05199
1446999	1.05199
1447999	1.05199
1448999	1.05199
1449999	1.05199
1450999	1.03931
1451999	1.03931
1452999	1.03931
1453999	1.03931
1454999	1.03931
1455999	1.03931
1456999	1.03931
1457999	1.03931
1458999	1.03931
1459999	1.03931
1460999	1.00256
1461999	1.00256
1462999	1.00256
1463999	1.00256
1464999	1.00256
1465999	1.00256
1466999	1.00256
1467999	1.00256
1468999	1.00256
1469999	1.00256
1470999	1.04392
1471999	1.04392
1472999	1.04392
1473999	1.04392
1474999	1.04392
1475999	1.04392
1476999	1.04392
1477999	1.04392
1478999	1.04392
1479999	1.04392
1480999	1.06483
1481999	1.06483
1482999	1.06483
1483999	1.06483
1484999	1.06483
1485999	1.06483
1486999	1.06483
1487999	1.06483
1488999	1.06483
1489999	1.06483
1490999	1.01739
1491999	1.01739
1492999	1.01739
1493999	1.01739
1494999	1.01739
1495999	1.01739
1496999	1.01739
1497999	1.01739
1498999	1.01739
1499999	1.01739
1500999	0.912178
1501999	0.912178
1502999	0.912178
1503999	0.912178
1504999	0.912178
1505999	0.912177
1506999	0.912177
1507999	0.912177
1508999	0.912177
1509999	0.912177
1510999	0.898317
1511999	0.898317
1512999	0.898317
1513999	0.898317
1514999	0.898317
1515999	0.898317
1516999	0.898317
1517999	0.898317
1518999	0.898317
1519999	0.898316
1520999	0.849737
1521999	0.849737
1522999	0.849737
1523999	0.849737
1524999	0.849737
1525999	0.849737
1526999	0.849737
1527999	0.849737
1528999	0.849737
1529999	0.849737
1530999	0.81985
1531999	0.81985
1532999	0.81985
1533999	0.81985
1534999	0.81985
1535999	0.819851
1536999	0.819851
1537999	0.819851
1538999	0.81985
1539999	0.81985
1540999	0.847182
1541999	0.847182
1542999	0.847182
1543999	0.847182
1544999	0.847182
1545999	0.847182
1546999	0.847182
1547999	0.847182
1548999	0.847182
1549999	0.847182
1550999	0.985838
1551999	0.985838
1552999	0.985838
1553999	0.985839
1554999	0.985839
1555999	0.985839
1556999	0.985838
1557999	0.985838
1558999	0.985838
1559999	0.985838
1560999	0.65677
1561999	0.65677
1562999	0.656769
1563999	0.65677
1564999	0.65677
1565999	0.65677
1566999	0.656769
1567999	0.656769
1568999	0.656769
1569999	0.656769
1570999	0.595709
1571999	0.595709
1572999	0.595709
1573999	0.595709
1574999	0.595709
1575999	0.595709
1576999	0.595709
1577999	0.595709
1578999	0.595709
1579999	0.595709
1580999	0.612758
1581999	0.612758
1582999	0.612758
1583999	0.612758
1584999	0.612758
1585999	0.612758
1586999	0.612758
1587999	0.612758
1588999	0.612758
1589999	0.612758
1590999	0.295804
1591999	0.295804
1592999	0.295804
1593999	0.295804
1594999	0.295804
1595999	0.295804
1596999	0.295804
1597999	0.295804
1598999	0.295804
1599999	0.295804
1600999	0.801821
1601999	0.801821
1602999	0.801821
1603999	0.801821
1604999	0.801821
1605999	0.801821
1606999	0.801821
1607999	0.801821
1608999	0.801821
1609999	0.801821
1610999	0.48059
1611999	0.48059
1612999	0.48059
1613999	0.48059
1614999	0.48059
1615999	0.48059
1616999	0.48059
1617999	0.48059
1618999	0.48059
1619999	0.48059
1620999	0.715667
1621999	0.715667
1622999	0.715667
1623999	0.715667
1624999	0.715667
1625999	0.715667
1626999	0.715667
1627999	0.715667
1628999	0.715667
1629999	0.715667
1630999	0.719374
1631999	0.719374
1632999	0.719374
1633999	0.719374
1634999	0.719374
1635999	0.719374
1636999	0.719374
1637999	0.719374
1638999	0.719374
1639999	0.719374
1640999	0.25509
1641999	0.25509
1642999	0.25509
1643999	0.25509
1644999	0.25509
1645999	0.25509
1646999	0.25509
1647999	0.25509
1648999	0.25509
1649999	0.25509
1650999	0.46758
1651999	0.46758
1652999	0.46758
1653999	0.46758
1654999	0.46758
1655999	0.46758
1656999	0.46758
1657999	0.46758
1658999	0.46758
1659999	0.46758
1660999	0.609419
1661999	0.609419
1662999	0.609419
1663999	0.609419
1664999	0.609419
1665999	0.609419
1666999	0.609419
1667999	0.609419
1668999	0.609419
1669999	0.609419
1670999	0.684725
1671999	0.684725
1672999	0.684725
1673999	0.684725
1674999	0.684725
1675999	0.684725
1676999	0.684725
1677999	0.684725
1678999	0.684725
1679999	0.684725
1680999	0.50424
1681999	0.50424
1682999	0.50424
1683999	0.50424
1684999	0.50424
1685999	0.50424
1686999	0.50424
1687999	0.50424
1688999	0.50424
1689999	0.50424
1690999	0.437883
1691999	0.437883
1692999	0.437883
1693999	0.437883
1694999	0.437883
1695999	0.437883
1696999	0.437883
1697999	0.437883
1698999	0.437883
1699999	0.437883
1700999	0.463227
1701999	0.463227
1702999	0.463227
1703999	0.463227
1704999	0.463227
1705999	0.463227
1706999	0.463227
1707999	0.463227
1708999	0.463227
1709999	0.463227
1710999	0.197506
1711999	0.197506
1712999	0.197506
1713999	0.197506
1714999	0.197506
1715999	0.197505
1716999	0.197505
1717999	0.197505
1718999	0.197505
1719999	0.197505
1720999	0.181616
1721999	0.181616
1722999	0.181616
1723999	0.181616
1724999	0.181616
1725999	0.181616
1726999	0.181616
1727999	0.181616
1728999	0.181616
1729999	0.181616
1730999	0.215136
1731999	0.215136
1732999	0.215136
1733999	0.215136
1734999	0.215136
1735999	0.215136
1736999	0.215136
1737999	0.215136
1738999	0.215136
1739999	0.215136
1740999	0.353709
1741999	0.353709
1742999	0.353709
1743999	0.353709
1744999	0.353709
1745999	0.353709
1746999	0.353709
1747999	0.353709
1748999	0.353709
1749999	0.353709
1750999	0.48279
1751999	0.482789
1752999	0.482789
1753999	0.48279
1754999	0.48279
1755999	0.48279
1756999	0.482789
1757999	0.48279
1758999	0.48279
1759999	0.48279
1760999	0.371364
1761999	0.371364
1762999	0.371364
1763999	0.371364
1764999	0.371364
1765999	0.371364
1766999	0.371364
1767999	0.371364
1768999	0.371364
1769999	0.371364
1770999	0.532245
1771999	0.532246
1772999	0.532246
1773999	0.532246
1774999	0.532246
1775999	0.532246
1776999	0.532246
1777999	0.532246
1778999	0.532247
1779999	0.532247
1780999	0.882068
1781999	0.882068
1782999	0.882067
1783999	0.882067
1784999	0.882067
1785999	0.882067
1786999	0.882067
1787999	0.882066
1788999	0.882066
1789999	0.882066
1790999	0.89243
1791999	0.892429
1792999	0.892429
1793999	0.892429
1794999	0.892429
1795999	0.892429
1796999	0.892429
1797999	0.89243
1798999	0.892431
1799999	0.892431
1800999	0.75801
1801999	0.75801
1802999	0.758009
1803999	0.758009
1804999	0.758009
1805999	0.758009
1806999	0.75801
1807999	0.758009
1808999	0.75801
1809999	0.75801
1810999	0.860765
1811999	0.860765
1812999	0.860765
1813999	0.860765
1814999	0.860765
1815999	0.860765
1816999	0.860765
1817999	0.860765
1818999	0.860765
1819999	0.860765
1820999	0.86437
1821999	0.86437
1822999	0.86437
1823999	0.86437
1824999	0.86437
1825999	0.864369
1826999	0.86437
1827999	0.86437
1828999	0.86437
1829999	0.86437
1830999	0.692848
1831999	0.692848
1832999	0.692848
1833999	0.692848
1834999	0.692848
1835999	0.692848
1836999	0.692848
1837999	0.692848
1838999	0.692848
1839999	0.692848
1840999	0.71075
1841999	0.710751
1842999	0.710751
1843999	0.710751
1844999	0.71075
1845999	0.71075
1846999	0.71075
1847999	0.71075
1848999	0.71075
1849999	0.71075
1850999	0.559028
1851999	0.559029
1852999	0.559029
1853999	0.559029
1854999	0.559029
1855999	0.559029
1856999	0.559029
1857999	0.559029
1858999	0.559029
1859999	0.559029
1860999	0.556975
1861999	0.556975
1862999	0.556975
1863999	0.556975
1864999	0.556975
1865999	0.556975
1866999	0.556975
1867999	0.556974
1868999	0.556974
1869999	0.556974
1870999	0.554717
1871999	0.554718
1872999	0.554718
1873999	0.554718
1874999	0.554718
1875999	0.554718
1876999	0.554718
1877999	0.554718
1878999	0.554718
1879999	0.554719
1880999	0.488386
1881999	0.488386
1882999	0.488386
1883999	0.488386
1884999	0.488386
1885999	0.488386
1886999	0.488386
1887999	0.488386
1888999	0.488386
1889999	0.488386
1890999	0.447654
1891999	0.447653
1892999	0.447653
1893999	0.447653
1894999	0.447653
1895999	0.447653
1896999	0.447653
1897999	0.447653
1898999	0.447654
1899999	0.447654
1900999	0.237783
1901999	0.237783
1902999	0.237783
1903999	0.237783
1904999	0.237783
1905999	0.237783
1906999	0.237783
1907999	0.237783
1908999	0.237783
1909999	0.237783
1910999	0.302682
1911999	0.302682
1912999	0.302682
1913999	0.302682
1914999	0.302682
1915999	0.302682
1916999	0.302682
1917999	0.302682
1918999	0.302682
1919999	0.302682
1920999	0.546559
1921999	0.546559
1922999	0.546559
1923999	0.546559
1924999	0.546559
1925999	0.546559
1926999	0.546559
1927999	0.546559
1928999	0.546559
1929999	0.546559
1930999	0.68399
1931999	0.68399
1932999	0.68399
1933999	0.68399
1934999	0.68399
1935999	0.68399
1936999	0.68399
1937999	0.68399
1938999	0.68399
1939999	0.68399
1940999	0.790013
1941999	0.790013
1942999	0.790013
1943999	0.790013
1944999	0.790013
1945999	0.790013
1946999	0.790013
1947999	0.790013
1948999	0.790013
1949999	0.790013
1950999	0.918269
1951999	0.918268
1952999	0.918268
1953999	0.918268
1954999	0.918268
1955999	0.918268
1956999	0.918268
1957999	0.918268
1958999	0.918268
1959999	0.918268
1960999	0.811525
1961999	0.811525
1962999	0.811525
1963999	0.811525
1964999	0.811525
1965999	0.811525
1966999	0.811525
1967999	0.811525
1968999	0.811526
1969999	0.811526
1970999	0.930022
1971999	0.930022
1972999	0.930021
1973999	0.930022
1974999	0.930021
1975999	0.930021
1976999	0.930021
1977999	0.930021
1978999	0.930021
1979999	0.930021
1980999	0.965093
1981999	0.965093
1982999	0.965093
1983999	0.965093
1984999	0.965092
1985999	0.965092
1986999	0.965092
1987999	0.965092
1988999	0.965092
1989999	0.965092
1990999	0.674542
1991999	0.674541
1992999	0.674541
1993999	0.674541
1994999	0.674541
1995999	0.674541
1996999	0.674541
1997999	0.674541
1998999	0.674541
1999999	0.674541
2000999	0.118099
2001999	0.118098
2002999	0.118098
2003999	0.118098
2004999	0.118098
2005999	0.118098
2006999	0.118097
2007999	0.118097
2008999	0.118097
2009999	0.118097
2010999	0.299147
2011999	0.299147
2012999	0.299147
2013999	0.299147
2014999	0.299147
2015999	0.299147
2016999	0.299147
2017999	0.299147
2018999	0.299147
2019999	0.299147
2020999	0.282271
2021999	0.282271
2022999	0.282271
2023999	0.282271
2024999	0.282271
2025999	0.282271
2026999	0.282271
2027999	0.282271
2028999	0.282271
2029999	0.282271
2030999	0.29958
2031999	0.29958
2032999	0.29958
2033999	0.29958
2034999	0.29958
2035999	0.29958
2036999	0.29958
2037999	0.29958
2038999	0.29958
2039999	0.29958
2040999	0.423433
2041999	0.423433
2042999	0.423433
2043999	0.423433
2044999	0.423433
2045999	0.423433
2046999	0.423433
2047999	0.423433
2048999	0.423433
2049999	0.423433
2050999	0.416278
2051999	0.416278
2052999	0.416278
2053999	0.416278
2054999	0.416278
2055999	0.416277
2056999	0.416277
2057999	0.416277
2058999	0.416277
2059999	0.416277
2060999	0.377911
2061999	0.377911
2062999	0.377911
2063999	0.377911
2064999	0.377911
2065999	0.377911
2066999	0.377911
2067999	0.377912
2068999	0.377911
2069999	0.377911
2070999	0.530302
2071999	0.530302
2072999	0.530302
2073999	0.530301
2074999	0.530301
2075999	0.530301
2076999	0.530301
2077999	0.530301
2078999	0.530301
2079999	0.530302
2080999	0.466881
2081999	0.466881
2082999	0.46688
2083999	0.46688
2084999	0.46688
2085999	0.46688
2086999	0.46688
2087999	0.46688
2088999	0.46688
2089999	0.46688
2090999	0.271734
2091999	0.271734
2092999	0.271734
2093999	0.271734
2094999	0.271734
2095999	0.271734
2096999	0.271734
2097999	0.271734
2098999	0.271734
2099999	0.271734
2100999	0.287258
2101999	0.287258
2102999	0.287258
2103999	0.287258
2104999	0.287258
2105999	0.287258
2106999	0.287258
2107999	0.287258
2108999	0.287258
2109999	0.287258
2110999	0.430346
2111999	0.430346
2112999	0.430346
2113999	0.430346
2114999	0.430346
2115999	0.430346
2116999	0.430346
2117999	0.430346
2118999	0.430346
2119999	0.430347
2120999	0.554221
2121999	0.554221
2122999	0.554221
2123999	0.554221
2124999	0.554221
2125999	0.554222
2126999	0.554222
2127999	0.554221
2128999	0.554221
2129999	0.554221
2130999	0.523326
2131999	0.523326
2132999	0.523326
2133999	0.523326
2134999	0.523326
2135999	0.523326
2136999	0.523326
2137999	0.523326
2138999	0.523326
2139999	0.523327
2140999	0.420675
2141999	0.420674
2142999	0.420674
2143999	0.420674
2144999	0.420674
2145999	0.420674
2146999	0.420674
2147999	0.420674
2148999	0.420674
2149999	0.420674
2150999	0.401229
2151999	0.401229
2152999	0.401229
2153999	0.401229
2154999	0.401229
2155999	0.401229
2156999	0.401229
2157999	0.401229
2158999	0.401228
2159999	0.401228
2160999	0.350636
2161999	0.350636
2162999	0.350636
2163999	0.350636
2164999	0.350636
2165999	0.350636
2166999	0.350636
2167999	0.350636
2168999	0.350636
2169999	0.350636
2170999	0.300937
2171999	0.300937
2172999	0.300937
2173999	0.300937
2174999	0.300937
2175999	0.300936
2176999	0.300936
2177999	0.300936
2178999	0.300936
2179999	0.300936
2180999	0.431378
2181999	0.431378
2182999	0.431378
2183999	0.431378
2184999	0.431378
2185999	0.431378
2186999	0.431378
2187999	0.431378
2188999	0.431378
2189999	0.431378
2190999	0.413642
2191999	0.413641
2192999	0.413641
2193999	0.413641
2194999	0.413641
2195999	0.413641
2196999	0.413641
2197999	0.413642
2198999	0.413641
2199999	0.413642
