1	-1	-1	0
2	-0.500000000000000	-1	0
3	0	-1	0
4	0.500000000000000	-1	0
5	1	-1	0
6	1.50000000000000	-1	0
7	2	-1	0
8	2.50000000000000	-1	0
9	3	-1	0
10	3.50000000000000	-1	0
11	4	-1	0
12	4.50000000000000	-1	0
13	5	-1	0
14	5.50000000000000	-1	0
15	6	-1	0
16	6.50000000000000	-1	0
17	7	-1	0
18	7.50000000000000	-1	0
19	8	-1	0
20	8.50000000000000	-1	0
21	9	-1	0
22	9.50000000000000	-1	0
23	10	-1	0
24	10.5000000000000	-1	0
25	11	-1	0
26	11.5000000000000	-1	0
27	12	-1	0
28	12.5000000000000	-1	0
29	13	-1	0
30	13.5000000000000	-1	0
31	14	-1	0
32	14.5000000000000	-1	0
33	15	-1	0
34	15.5000000000000	-1	0
35	16	-1	0
36	16.5000000000000	-1	0
37	17	-1	0
38	17.5000000000000	-1	0
39	18	-1	0
40	18.5000000000000	-1	0
41	19	-1	0
42	19.5000000000000	-1	0
43	20	-1	0
44	20.5000000000000	-1	0
45	21	-1	0
46	21.5000000000000	-1	0
47	22	-1	0
48	22.5000000000000	-1	0
49	23	-1	0
50	23.5000000000000	-1	0
51	24	-1	0
52	24.5000000000000	-1	0
53	25	-1	0
54	25.5000000000000	-1	0
55	26	-1	0
56	26.5000000000000	-1	0
57	27	-1	0
58	27.5000000000000	-1	0
59	28	-1	0
60	28.5000000000000	-1	0
61	29	-1	0
62	29.5000000000000	-1	0
63	30	-1	0
64	-1	-0.500000000000000	0
65	30	-0.500000000000000	0
66	-1	0	0
67	30	0	0
68	-1	0.500000000000000	0
69	30	0.500000000000000	0
70	-1	1	0
71	30	1	0
72	-1	1.50000000000000	0
73	30	1.50000000000000	0
74	-1	2	0
75	30	2	0
76	-1	2.50000000000000	0
77	30	2.50000000000000	0
78	-1	3	0
79	30	3	0
80	-1	3.50000000000000	0
81	30	3.50000000000000	0
82	-1	4	0
83	30	4	0
84	-1	4.50000000000000	0
85	30	4.50000000000000	0
86	-1	5	0
87	30	5	0
88	-1	5.50000000000000	0
89	30	5.50000000000000	0
90	-1	6	0
91	30	6	0
92	-1	6.50000000000000	0
93	30	6.50000000000000	0
94	-1	7	0
95	30	7	0
96	-1	7.50000000000000	0
97	30	7.50000000000000	0
98	-1	8	0
99	30	8	0
100	-1	8.50000000000000	0
101	30	8.50000000000000	0
102	-1	9	0
103	30	9	0
104	-1	9.50000000000000	0
105	0	9.50000000000000	0
106	0.500000000000000	9.50000000000000	0
107	1	9.50000000000000	0
108	1.50000000000000	9.50000000000000	0
109	2	9.50000000000000	0
110	2.50000000000000	9.50000000000000	0
111	3	9.50000000000000	0
112	3.50000000000000	9.50000000000000	0
113	4	9.50000000000000	0
114	4.50000000000000	9.50000000000000	0
115	5	9.50000000000000	0
116	5.50000000000000	9.50000000000000	0
117	6	9.50000000000000	0
118	6.50000000000000	9.50000000000000	0
119	7	9.50000000000000	0
120	7.50000000000000	9.50000000000000	0
121	8	9.50000000000000	0
122	8.50000000000000	9.50000000000000	0
123	9	9.50000000000000	0
124	9.50000000000000	9.50000000000000	0
125	10	9.50000000000000	0
126	10.5000000000000	9.50000000000000	0
127	11	9.50000000000000	0
128	11.5000000000000	9.50000000000000	0
129	12	9.50000000000000	0
130	12.5000000000000	9.50000000000000	0
131	13	9.50000000000000	0
132	13.5000000000000	9.50000000000000	0
133	14	9.50000000000000	0
134	14.5000000000000	9.50000000000000	0
135	15	9.50000000000000	0
136	15.5000000000000	9.50000000000000	0
137	16	9.50000000000000	0
138	16.5000000000000	9.50000000000000	0
139	17	9.50000000000000	0
140	17.5000000000000	9.50000000000000	0
141	18	9.50000000000000	0
142	18.5000000000000	9.50000000000000	0
143	19	9.50000000000000	0
144	19.5000000000000	9.50000000000000	0
145	20	9.50000000000000	0
146	20.5000000000000	9.50000000000000	0
147	21	9.50000000000000	0
148	21.5000000000000	9.50000000000000	0
149	22	9.50000000000000	0
150	22.5000000000000	9.50000000000000	0
151	23	9.50000000000000	0
152	23.5000000000000	9.50000000000000	0
153	24	9.50000000000000	0
154	30	9.50000000000000	0
155	-1	10	0
156	0	10	0
157	0.500000000000000	10	0
158	1	10	0
159	1.50000000000000	10	0
160	2	10	0
161	2.50000000000000	10	0
162	3	10	0
163	3.50000000000000	10	0
164	4	10	0
165	4.50000000000000	10	0
166	5	10	0
167	5.50000000000000	10	0
168	6	10	0
169	6.50000000000000	10	0
170	7	10	0
171	7.50000000000000	10	0
172	8	10	0
173	8.50000000000000	10	0
174	9	10	0
175	9.50000000000000	10	0
176	10	10	0
177	10.5000000000000	10	0
178	11	10	0
179	11.5000000000000	10	0
180	12	10	0
181	12.5000000000000	10	0
182	13	10	0
183	13.5000000000000	10	0
184	14	10	0
185	14.5000000000000	10	0
186	15	10	0
187	15.5000000000000	10	0
188	16	10	0
189	16.5000000000000	10	0
190	17	10	0
191	17.5000000000000	10	0
192	18	10	0
193	18.5000000000000	10	0
194	19	10	0
195	19.5000000000000	10	0
196	20	10	0
197	20.5000000000000	10	0
198	21	10	0
199	21.5000000000000	10	0
200	22	10	0
201	22.5000000000000	10	0
202	23	10	0
203	23.5000000000000	10	0
204	24	10	0
205	30	10	0
206	-1	10.5000000000000	0
207	0	10.5000000000000	0
208	0.500000000000000	10.5000000000000	0
209	1	10.5000000000000	0
210	1.50000000000000	10.5000000000000	0
211	2	10.5000000000000	0
212	2.50000000000000	10.5000000000000	0
213	3	10.5000000000000	0
214	3.50000000000000	10.5000000000000	0
215	4	10.5000000000000	0
216	4.50000000000000	10.5000000000000	0
217	5	10.5000000000000	0
218	5.50000000000000	10.5000000000000	0
219	6	10.5000000000000	0
220	6.50000000000000	10.5000000000000	0
221	7	10.5000000000000	0
222	7.50000000000000	10.5000000000000	0
223	8	10.5000000000000	0
224	8.50000000000000	10.5000000000000	0
225	9	10.5000000000000	0
226	9.50000000000000	10.5000000000000	0
227	10	10.5000000000000	0
228	10.5000000000000	10.5000000000000	0
229	11	10.5000000000000	0
230	11.5000000000000	10.5000000000000	0
231	12	10.5000000000000	0
232	12.5000000000000	10.5000000000000	0
233	13	10.5000000000000	0
234	13.5000000000000	10.5000000000000	0
235	14	10.5000000000000	0
236	14.5000000000000	10.5000000000000	0
237	15	10.5000000000000	0
238	15.5000000000000	10.5000000000000	0
239	16	10.5000000000000	0
240	16.5000000000000	10.5000000000000	0
241	17	10.5000000000000	0
242	17.5000000000000	10.5000000000000	0
243	18	10.5000000000000	0
244	18.5000000000000	10.5000000000000	0
245	19	10.5000000000000	0
246	19.5000000000000	10.5000000000000	0
247	20	10.5000000000000	0
248	20.5000000000000	10.5000000000000	0
249	21	10.5000000000000	0
250	21.5000000000000	10.5000000000000	0
251	22	10.5000000000000	0
252	22.5000000000000	10.5000000000000	0
253	23	10.5000000000000	0
254	23.5000000000000	10.5000000000000	0
255	24	10.5000000000000	0
256	30	10.5000000000000	0
257	-1	11	0
258	0	11	0
259	0.500000000000000	11	0
260	1	11	0
261	1.50000000000000	11	0
262	2	11	0
263	2.50000000000000	11	0
264	3	11	0
265	3.50000000000000	11	0
266	4	11	0
267	4.50000000000000	11	0
268	5	11	0
269	5.50000000000000	11	0
270	6	11	0
271	6.50000000000000	11	0
272	7	11	0
273	7.50000000000000	11	0
274	8	11	0
275	8.50000000000000	11	0
276	9	11	0
277	9.50000000000000	11	0
278	10	11	0
279	10.5000000000000	11	0
280	11	11	0
281	11.5000000000000	11	0
282	12	11	0
283	12.5000000000000	11	0
284	13	11	0
285	13.5000000000000	11	0
286	14	11	0
287	14.5000000000000	11	0
288	15	11	0
289	15.5000000000000	11	0
290	16	11	0
291	16.5000000000000	11	0
292	17	11	0
293	17.5000000000000	11	0
294	18	11	0
295	18.5000000000000	11	0
296	19	11	0
297	19.5000000000000	11	0
298	20	11	0
299	20.5000000000000	11	0
300	21	11	0
301	21.5000000000000	11	0
302	22	11	0
303	22.5000000000000	11	0
304	23	11	0
305	23.5000000000000	11	0
306	24	11	0
307	30	11	0
308	-1	11.5000000000000	0
309	0	11.5000000000000	0
310	0.500000000000000	11.5000000000000	0
311	1	11.5000000000000	0
312	1.50000000000000	11.5000000000000	0
313	2	11.5000000000000	0
314	2.50000000000000	11.5000000000000	0
315	3	11.5000000000000	0
316	3.50000000000000	11.5000000000000	0
317	4	11.5000000000000	0
318	4.50000000000000	11.5000000000000	0
319	5	11.5000000000000	0
320	5.50000000000000	11.5000000000000	0
321	6	11.5000000000000	0
322	6.50000000000000	11.5000000000000	0
323	7	11.5000000000000	0
324	7.50000000000000	11.5000000000000	0
325	8	11.5000000000000	0
326	8.50000000000000	11.5000000000000	0
327	9	11.5000000000000	0
328	9.50000000000000	11.5000000000000	0
329	10	11.5000000000000	0
330	10.5000000000000	11.5000000000000	0
331	11	11.5000000000000	0
332	11.5000000000000	11.5000000000000	0
333	12	11.5000000000000	0
334	12.5000000000000	11.5000000000000	0
335	13	11.5000000000000	0
336	13.5000000000000	11.5000000000000	0
337	14	11.5000000000000	0
338	14.5000000000000	11.5000000000000	0
339	15	11.5000000000000	0
340	15.5000000000000	11.5000000000000	0
341	16	11.5000000000000	0
342	16.5000000000000	11.5000000000000	0
343	17	11.5000000000000	0
344	17.5000000000000	11.5000000000000	0
345	18	11.5000000000000	0
346	18.5000000000000	11.5000000000000	0
347	19	11.5000000000000	0
348	19.5000000000000	11.5000000000000	0
349	20	11.5000000000000	0
350	20.5000000000000	11.5000000000000	0
351	21	11.5000000000000	0
352	21.5000000000000	11.5000000000000	0
353	22	11.5000000000000	0
354	22.5000000000000	11.5000000000000	0
355	23	11.5000000000000	0
356	23.5000000000000	11.5000000000000	0
357	24	11.5000000000000	0
358	30	11.5000000000000	0
359	-1	12	0
360	0	12	0
361	0.500000000000000	12	0
362	1	12	0
363	1.50000000000000	12	0
364	2	12	0
365	2.50000000000000	12	0
366	3	12	0
367	3.50000000000000	12	0
368	4	12	0
369	4.50000000000000	12	0
370	5	12	0
371	5.50000000000000	12	0
372	6	12	0
373	6.50000000000000	12	0
374	7	12	0
375	7.50000000000000	12	0
376	8	12	0
377	8.50000000000000	12	0
378	9	12	0
379	9.50000000000000	12	0
380	10	12	0
381	10.5000000000000	12	0
382	11	12	0
383	11.5000000000000	12	0
384	12	12	0
385	12.5000000000000	12	0
386	13	12	0
387	13.5000000000000	12	0
388	14	12	0
389	14.5000000000000	12	0
390	15	12	0
391	15.5000000000000	12	0
392	16	12	0
393	16.5000000000000	12	0
394	17	12	0
395	17.5000000000000	12	0
396	18	12	0
397	18.5000000000000	12	0
398	19	12	0
399	19.5000000000000	12	0
400	20	12	0
401	20.5000000000000	12	0
402	21	12	0
403	21.5000000000000	12	0
404	22	12	0
405	22.5000000000000	12	0
406	23	12	0
407	23.5000000000000	12	0
408	24	12	0
409	30	12	0
410	-1	12.5000000000000	0
411	0	12.5000000000000	0
412	0.500000000000000	12.5000000000000	0
413	1	12.5000000000000	0
414	1.50000000000000	12.5000000000000	0
415	2	12.5000000000000	0
416	2.50000000000000	12.5000000000000	0
417	3	12.5000000000000	0
418	3.50000000000000	12.5000000000000	0
419	4	12.5000000000000	0
420	4.50000000000000	12.5000000000000	0
421	5	12.5000000000000	0
422	5.50000000000000	12.5000000000000	0
423	6	12.5000000000000	0
424	6.50000000000000	12.5000000000000	0
425	7	12.5000000000000	0
426	7.50000000000000	12.5000000000000	0
427	8	12.5000000000000	0
428	8.50000000000000	12.5000000000000	0
429	9	12.5000000000000	0
430	9.50000000000000	12.5000000000000	0
431	10	12.5000000000000	0
432	10.5000000000000	12.5000000000000	0
433	11	12.5000000000000	0
434	11.5000000000000	12.5000000000000	0
435	12	12.5000000000000	0
436	12.5000000000000	12.5000000000000	0
437	13	12.5000000000000	0
438	13.5000000000000	12.5000000000000	0
439	14	12.5000000000000	0
440	14.5000000000000	12.5000000000000	0
441	15	12.5000000000000	0
442	15.5000000000000	12.5000000000000	0
443	16	12.5000000000000	0
444	16.5000000000000	12.5000000000000	0
445	17	12.5000000000000	0
446	17.5000000000000	12.5000000000000	0
447	18	12.5000000000000	0
448	18.5000000000000	12.5000000000000	0
449	19	12.5000000000000	0
450	19.5000000000000	12.5000000000000	0
451	20	12.5000000000000	0
452	20.5000000000000	12.5000000000000	0
453	21	12.5000000000000	0
454	21.5000000000000	12.5000000000000	0
455	22	12.5000000000000	0
456	22.5000000000000	12.5000000000000	0
457	23	12.5000000000000	0
458	23.5000000000000	12.5000000000000	0
459	24	12.5000000000000	0
460	30	12.5000000000000	0
461	-1	13	0
462	0	13	0
463	0.500000000000000	13	0
464	1	13	0
465	1.50000000000000	13	0
466	2	13	0
467	2.50000000000000	13	0
468	3	13	0
469	3.50000000000000	13	0
470	4	13	0
471	4.50000000000000	13	0
472	5	13	0
473	5.50000000000000	13	0
474	6	13	0
475	6.50000000000000	13	0
476	7	13	0
477	7.50000000000000	13	0
478	8	13	0
479	8.50000000000000	13	0
480	9	13	0
481	9.50000000000000	13	0
482	10	13	0
483	10.5000000000000	13	0
484	11	13	0
485	11.5000000000000	13	0
486	12	13	0
487	12.5000000000000	13	0
488	13	13	0
489	13.5000000000000	13	0
490	14	13	0
491	14.5000000000000	13	0
492	15	13	0
493	15.5000000000000	13	0
494	16	13	0
495	16.5000000000000	13	0
496	17	13	0
497	17.5000000000000	13	0
498	18	13	0
499	18.5000000000000	13	0
500	19	13	0
501	19.5000000000000	13	0
502	20	13	0
503	20.5000000000000	13	0
504	21	13	0
505	21.5000000000000	13	0
506	22	13	0
507	22.5000000000000	13	0
508	23	13	0
509	23.5000000000000	13	0
510	24	13	0
511	30	13	0
512	-1	13.5000000000000	0
513	0	13.5000000000000	0
514	0.500000000000000	13.5000000000000	0
515	1	13.5000000000000	0
516	1.50000000000000	13.5000000000000	0
517	2	13.5000000000000	0
518	2.50000000000000	13.5000000000000	0
519	3	13.5000000000000	0
520	3.50000000000000	13.5000000000000	0
521	4	13.5000000000000	0
522	4.50000000000000	13.5000000000000	0
523	5	13.5000000000000	0
524	5.50000000000000	13.5000000000000	0
525	6	13.5000000000000	0
526	6.50000000000000	13.5000000000000	0
527	7	13.5000000000000	0
528	7.50000000000000	13.5000000000000	0
529	8	13.5000000000000	0
530	8.50000000000000	13.5000000000000	0
531	9	13.5000000000000	0
532	9.50000000000000	13.5000000000000	0
533	10	13.5000000000000	0
534	10.5000000000000	13.5000000000000	0
535	11	13.5000000000000	0
536	11.5000000000000	13.5000000000000	0
537	12	13.5000000000000	0
538	12.5000000000000	13.5000000000000	0
539	13	13.5000000000000	0
540	13.5000000000000	13.5000000000000	0
541	14	13.5000000000000	0
542	14.5000000000000	13.5000000000000	0
543	15	13.5000000000000	0
544	15.5000000000000	13.5000000000000	0
545	16	13.5000000000000	0
546	16.5000000000000	13.5000000000000	0
547	17	13.5000000000000	0
548	17.5000000000000	13.5000000000000	0
549	18	13.5000000000000	0
550	18.5000000000000	13.5000000000000	0
551	19	13.5000000000000	0
552	19.5000000000000	13.5000000000000	0
553	20	13.5000000000000	0
554	20.5000000000000	13.5000000000000	0
555	21	13.5000000000000	0
556	21.5000000000000	13.5000000000000	0
557	22	13.5000000000000	0
558	22.5000000000000	13.5000000000000	0
559	23	13.5000000000000	0
560	23.5000000000000	13.5000000000000	0
561	24	13.5000000000000	0
562	30	13.5000000000000	0
563	-1	14	0
564	0	14	0
565	0.500000000000000	14	0
566	1	14	0
567	1.50000000000000	14	0
568	2	14	0
569	2.50000000000000	14	0
570	3	14	0
571	3.50000000000000	14	0
572	4	14	0
573	4.50000000000000	14	0
574	5	14	0
575	5.50000000000000	14	0
576	6	14	0
577	6.50000000000000	14	0
578	7	14	0
579	7.50000000000000	14	0
580	8	14	0
581	8.50000000000000	14	0
582	9	14	0
583	9.50000000000000	14	0
584	10	14	0
585	10.5000000000000	14	0
586	11	14	0
587	11.5000000000000	14	0
588	12	14	0
589	12.5000000000000	14	0
590	13	14	0
591	13.5000000000000	14	0
592	14	14	0
593	14.5000000000000	14	0
594	15	14	0
595	15.5000000000000	14	0
596	16	14	0
597	16.5000000000000	14	0
598	17	14	0
599	17.5000000000000	14	0
600	18	14	0
601	18.5000000000000	14	0
602	19	14	0
603	19.5000000000000	14	0
604	20	14	0
605	20.5000000000000	14	0
606	21	14	0
607	21.5000000000000	14	0
608	22	14	0
609	22.5000000000000	14	0
610	23	14	0
611	23.5000000000000	14	0
612	24	14	0
613	30	14	0
614	-1	14.5000000000000	0
615	0	14.5000000000000	0
616	0.500000000000000	14.5000000000000	0
617	1	14.5000000000000	0
618	1.50000000000000	14.5000000000000	0
619	2	14.5000000000000	0
620	2.50000000000000	14.5000000000000	0
621	3	14.5000000000000	0
622	3.50000000000000	14.5000000000000	0
623	4	14.5000000000000	0
624	4.50000000000000	14.5000000000000	0
625	5	14.5000000000000	0
626	5.50000000000000	14.5000000000000	0
627	6	14.5000000000000	0
628	6.50000000000000	14.5000000000000	0
629	7	14.5000000000000	0
630	7.50000000000000	14.5000000000000	0
631	8	14.5000000000000	0
632	8.50000000000000	14.5000000000000	0
633	9	14.5000000000000	0
634	9.50000000000000	14.5000000000000	0
635	10	14.5000000000000	0
636	10.5000000000000	14.5000000000000	0
637	11	14.5000000000000	0
638	11.5000000000000	14.5000000000000	0
639	12	14.5000000000000	0
640	12.5000000000000	14.5000000000000	0
641	13	14.5000000000000	0
642	13.5000000000000	14.5000000000000	0
643	14	14.5000000000000	0
644	14.5000000000000	14.5000000000000	0
645	15	14.5000000000000	0
646	15.5000000000000	14.5000000000000	0
647	16	14.5000000000000	0
648	16.5000000000000	14.5000000000000	0
649	17	14.5000000000000	0
650	17.5000000000000	14.5000000000000	0
651	18	14.5000000000000	0
652	18.5000000000000	14.5000000000000	0
653	19	14.5000000000000	0
654	19.5000000000000	14.5000000000000	0
655	20	14.5000000000000	0
656	20.5000000000000	14.5000000000000	0
657	21	14.5000000000000	0
658	21.5000000000000	14.5000000000000	0
659	22	14.5000000000000	0
660	22.5000000000000	14.5000000000000	0
661	23	14.5000000000000	0
662	23.5000000000000	14.5000000000000	0
663	24	14.5000000000000	0
664	30	14.5000000000000	0
665	-1	15	0
666	0	15	0
667	0.500000000000000	15	0
668	1	15	0
669	1.50000000000000	15	0
670	2	15	0
671	2.50000000000000	15	0
672	3	15	0
673	3.50000000000000	15	0
674	4	15	0
675	4.50000000000000	15	0
676	5	15	0
677	5.50000000000000	15	0
678	6	15	0
679	6.50000000000000	15	0
680	7	15	0
681	7.50000000000000	15	0
682	8	15	0
683	8.50000000000000	15	0
684	9	15	0
685	9.50000000000000	15	0
686	10	15	0
687	10.5000000000000	15	0
688	11	15	0
689	11.5000000000000	15	0
690	12	15	0
691	12.5000000000000	15	0
692	13	15	0
693	13.5000000000000	15	0
694	14	15	0
695	14.5000000000000	15	0
696	15	15	0
697	15.5000000000000	15	0
698	16	15	0
699	16.5000000000000	15	0
700	17	15	0
701	17.5000000000000	15	0
702	18	15	0
703	18.5000000000000	15	0
704	19	15	0
705	19.5000000000000	15	0
706	20	15	0
707	20.5000000000000	15	0
708	21	15	0
709	21.5000000000000	15	0
710	22	15	0
711	22.5000000000000	15	0
712	23	15	0
713	23.5000000000000	15	0
714	24	15	0
715	30	15	0
716	-1	15.5000000000000	0
717	0	15.5000000000000	0
718	0.500000000000000	15.5000000000000	0
719	1	15.5000000000000	0
720	1.50000000000000	15.5000000000000	0
721	2	15.5000000000000	0
722	2.50000000000000	15.5000000000000	0
723	3	15.5000000000000	0
724	3.50000000000000	15.5000000000000	0
725	4	15.5000000000000	0
726	4.50000000000000	15.5000000000000	0
727	5	15.5000000000000	0
728	5.50000000000000	15.5000000000000	0
729	6	15.5000000000000	0
730	6.50000000000000	15.5000000000000	0
731	7	15.5000000000000	0
732	7.50000000000000	15.5000000000000	0
733	8	15.5000000000000	0
734	8.50000000000000	15.5000000000000	0
735	9	15.5000000000000	0
736	9.50000000000000	15.5000000000000	0
737	10	15.5000000000000	0
738	10.5000000000000	15.5000000000000	0
739	11	15.5000000000000	0
740	11.5000000000000	15.5000000000000	0
741	12	15.5000000000000	0
742	12.5000000000000	15.5000000000000	0
743	13	15.5000000000000	0
744	13.5000000000000	15.5000000000000	0
745	14	15.5000000000000	0
746	14.5000000000000	15.5000000000000	0
747	15	15.5000000000000	0
748	15.5000000000000	15.5000000000000	0
749	16	15.5000000000000	0
750	16.5000000000000	15.5000000000000	0
751	17	15.5000000000000	0
752	17.5000000000000	15.5000000000000	0
753	18	15.5000000000000	0
754	18.5000000000000	15.5000000000000	0
755	19	15.5000000000000	0
756	19.5000000000000	15.5000000000000	0
757	20	15.5000000000000	0
758	20.5000000000000	15.5000000000000	0
759	21	15.5000000000000	0
760	21.5000000000000	15.5000000000000	0
761	22	15.5000000000000	0
762	22.5000000000000	15.5000000000000	0
763	23	15.5000000000000	0
764	23.5000000000000	15.5000000000000	0
765	24	15.5000000000000	0
766	30	15.5000000000000	0
767	-1	16	0
768	0	16	0
769	0.500000000000000	16	0
770	1	16	0
771	1.50000000000000	16	0
772	2	16	0
773	2.50000000000000	16	0
774	3	16	0
775	3.50000000000000	16	0
776	4	16	0
777	4.50000000000000	16	0
778	5	16	0
779	5.50000000000000	16	0
780	6	16	0
781	6.50000000000000	16	0
782	7	16	0
783	7.50000000000000	16	0
784	8	16	0
785	8.50000000000000	16	0
786	9	16	0
787	9.50000000000000	16	0
788	10	16	0
789	10.5000000000000	16	0
790	11	16	0
791	11.5000000000000	16	0
792	12	16	0
793	12.5000000000000	16	0
794	13	16	0
795	13.5000000000000	16	0
796	14	16	0
797	14.5000000000000	16	0
798	15	16	0
799	15.5000000000000	16	0
800	16	16	0
801	16.5000000000000	16	0
802	17	16	0
803	17.5000000000000	16	0
804	18	16	0
805	18.5000000000000	16	0
806	19	16	0
807	19.5000000000000	16	0
808	20	16	0
809	20.5000000000000	16	0
810	21	16	0
811	21.5000000000000	16	0
812	22	16	0
813	22.5000000000000	16	0
814	23	16	0
815	23.5000000000000	16	0
816	24	16	0
817	30	16	0
818	-1	16.5000000000000	0
819	0	16.5000000000000	0
820	0.500000000000000	16.5000000000000	0
821	1	16.5000000000000	0
822	1.50000000000000	16.5000000000000	0
823	2	16.5000000000000	0
824	2.50000000000000	16.5000000000000	0
825	3	16.5000000000000	0
826	3.50000000000000	16.5000000000000	0
827	4	16.5000000000000	0
828	4.50000000000000	16.5000000000000	0
829	5	16.5000000000000	0
830	5.50000000000000	16.5000000000000	0
831	6	16.5000000000000	0
832	6.50000000000000	16.5000000000000	0
833	7	16.5000000000000	0
834	7.50000000000000	16.5000000000000	0
835	8	16.5000000000000	0
836	8.50000000000000	16.5000000000000	0
837	9	16.5000000000000	0
838	9.50000000000000	16.5000000000000	0
839	10	16.5000000000000	0
840	10.5000000000000	16.5000000000000	0
841	11	16.5000000000000	0
842	11.5000000000000	16.5000000000000	0
843	12	16.5000000000000	0
844	12.5000000000000	16.5000000000000	0
845	13	16.5000000000000	0
846	13.5000000000000	16.5000000000000	0
847	14	16.5000000000000	0
848	14.5000000000000	16.5000000000000	0
849	15	16.5000000000000	0
850	15.5000000000000	16.5000000000000	0
851	16	16.5000000000000	0
852	16.5000000000000	16.5000000000000	0
853	17	16.5000000000000	0
854	17.5000000000000	16.5000000000000	0
855	18	16.5000000000000	0
856	18.5000000000000	16.5000000000000	0
857	19	16.5000000000000	0
858	19.5000000000000	16.5000000000000	0
859	20	16.5000000000000	0
860	20.5000000000000	16.5000000000000	0
861	21	16.5000000000000	0
862	21.5000000000000	16.5000000000000	0
863	22	16.5000000000000	0
864	22.5000000000000	16.5000000000000	0
865	23	16.5000000000000	0
866	23.5000000000000	16.5000000000000	0
867	24	16.5000000000000	0
868	30	16.5000000000000	0
869	-1	17	0
870	0	17	0
871	0.500000000000000	17	0
872	1	17	0
873	1.50000000000000	17	0
874	2	17	0
875	2.50000000000000	17	0
876	3	17	0
877	3.50000000000000	17	0
878	4	17	0
879	4.50000000000000	17	0
880	5	17	0
881	5.50000000000000	17	0
882	6	17	0
883	6.50000000000000	17	0
884	7	17	0
885	7.50000000000000	17	0
886	8	17	0
887	8.50000000000000	17	0
888	9	17	0
889	9.50000000000000	17	0
890	10	17	0
891	10.5000000000000	17	0
892	11	17	0
893	11.5000000000000	17	0
894	12	17	0
895	12.5000000000000	17	0
896	13	17	0
897	13.5000000000000	17	0
898	14	17	0
899	14.5000000000000	17	0
900	15	17	0
901	15.5000000000000	17	0
902	16	17	0
903	16.5000000000000	17	0
904	17	17	0
905	17.5000000000000	17	0
906	18	17	0
907	18.5000000000000	17	0
908	19	17	0
909	19.5000000000000	17	0
910	20	17	0
911	20.5000000000000	17	0
912	21	17	0
913	21.5000000000000	17	0
914	22	17	0
915	22.5000000000000	17	0
916	23	17	0
917	23.5000000000000	17	0
918	24	17	0
919	30	17	0
920	-1	17.5000000000000	0
921	0	17.5000000000000	0
922	0.500000000000000	17.5000000000000	0
923	1	17.5000000000000	0
924	1.50000000000000	17.5000000000000	0
925	2	17.5000000000000	0
926	2.50000000000000	17.5000000000000	0
927	3	17.5000000000000	0
928	3.50000000000000	17.5000000000000	0
929	4	17.5000000000000	0
930	4.50000000000000	17.5000000000000	0
931	5	17.5000000000000	0
932	5.50000000000000	17.5000000000000	0
933	6	17.5000000000000	0
934	6.50000000000000	17.5000000000000	0
935	7	17.5000000000000	0
936	7.50000000000000	17.5000000000000	0
937	8	17.5000000000000	0
938	8.50000000000000	17.5000000000000	0
939	9	17.5000000000000	0
940	9.50000000000000	17.5000000000000	0
941	10	17.5000000000000	0
942	10.5000000000000	17.5000000000000	0
943	11	17.5000000000000	0
944	11.5000000000000	17.5000000000000	0
945	12	17.5000000000000	0
946	12.5000000000000	17.5000000000000	0
947	13	17.5000000000000	0
948	13.5000000000000	17.5000000000000	0
949	14	17.5000000000000	0
950	14.5000000000000	17.5000000000000	0
951	15	17.5000000000000	0
952	15.5000000000000	17.5000000000000	0
953	16	17.5000000000000	0
954	16.5000000000000	17.5000000000000	0
955	17	17.5000000000000	0
956	17.5000000000000	17.5000000000000	0
957	18	17.5000000000000	0
958	18.5000000000000	17.5000000000000	0
959	19	17.5000000000000	0
960	19.5000000000000	17.5000000000000	0
961	20	17.5000000000000	0
962	20.5000000000000	17.5000000000000	0
963	21	17.5000000000000	0
964	21.5000000000000	17.5000000000000	0
965	22	17.5000000000000	0
966	22.5000000000000	17.5000000000000	0
967	23	17.5000000000000	0
968	23.5000000000000	17.5000000000000	0
969	24	17.5000000000000	0
970	30	17.5000000000000	0
971	-1	18	0
972	0	18	0
973	0.500000000000000	18	0
974	1	18	0
975	1.50000000000000	18	0
976	2	18	0
977	2.50000000000000	18	0
978	3	18	0
979	3.50000000000000	18	0
980	4	18	0
981	4.50000000000000	18	0
982	5	18	0
983	5.50000000000000	18	0
984	6	18	0
985	6.50000000000000	18	0
986	7	18	0
987	7.50000000000000	18	0
988	8	18	0
989	8.50000000000000	18	0
990	9	18	0
991	9.50000000000000	18	0
992	10	18	0
993	10.5000000000000	18	0
994	11	18	0
995	11.5000000000000	18	0
996	12	18	0
997	12.5000000000000	18	0
998	13	18	0
999	13.5000000000000	18	0
1000	14	18	0
1001	14.5000000000000	18	0
1002	15	18	0
1003	15.5000000000000	18	0
1004	16	18	0
1005	16.5000000000000	18	0
1006	17	18	0
1007	17.5000000000000	18	0
1008	18	18	0
1009	18.5000000000000	18	0
1010	19	18	0
1011	19.5000000000000	18	0
1012	20	18	0
1013	20.5000000000000	18	0
1014	21	18	0
1015	21.5000000000000	18	0
1016	22	18	0
1017	22.5000000000000	18	0
1018	23	18	0
1019	23.5000000000000	18	0
1020	24	18	0
1021	30	18	0
1022	-1	18.5000000000000	0
1023	0	18.5000000000000	0
1024	0.500000000000000	18.5000000000000	0
1025	1	18.5000000000000	0
1026	1.50000000000000	18.5000000000000	0
1027	2	18.5000000000000	0
1028	2.50000000000000	18.5000000000000	0
1029	3	18.5000000000000	0
1030	3.50000000000000	18.5000000000000	0
1031	4	18.5000000000000	0
1032	4.50000000000000	18.5000000000000	0
1033	5	18.5000000000000	0
1034	5.50000000000000	18.5000000000000	0
1035	6	18.5000000000000	0
1036	6.50000000000000	18.5000000000000	0
1037	7	18.5000000000000	0
1038	7.50000000000000	18.5000000000000	0
1039	8	18.5000000000000	0
1040	8.50000000000000	18.5000000000000	0
1041	9	18.5000000000000	0
1042	9.50000000000000	18.5000000000000	0
1043	10	18.5000000000000	0
1044	10.5000000000000	18.5000000000000	0
1045	11	18.5000000000000	0
1046	11.5000000000000	18.5000000000000	0
1047	12	18.5000000000000	0
1048	12.5000000000000	18.5000000000000	0
1049	13	18.5000000000000	0
1050	13.5000000000000	18.5000000000000	0
1051	14	18.5000000000000	0
1052	14.5000000000000	18.5000000000000	0
1053	15	18.5000000000000	0
1054	15.5000000000000	18.5000000000000	0
1055	16	18.5000000000000	0
1056	16.5000000000000	18.5000000000000	0
1057	17	18.5000000000000	0
1058	17.5000000000000	18.5000000000000	0
1059	18	18.5000000000000	0
1060	18.5000000000000	18.5000000000000	0
1061	19	18.5000000000000	0
1062	19.5000000000000	18.5000000000000	0
1063	20	18.5000000000000	0
1064	20.5000000000000	18.5000000000000	0
1065	21	18.5000000000000	0
1066	21.5000000000000	18.5000000000000	0
1067	22	18.5000000000000	0
1068	22.5000000000000	18.5000000000000	0
1069	23	18.5000000000000	0
1070	23.5000000000000	18.5000000000000	0
1071	24	18.5000000000000	0
1072	30	18.5000000000000	0
1073	-1	19	0
1074	0	19	0
1075	0.500000000000000	19	0
1076	1	19	0
1077	1.50000000000000	19	0
1078	2	19	0
1079	2.50000000000000	19	0
1080	3	19	0
1081	3.50000000000000	19	0
1082	4	19	0
1083	4.50000000000000	19	0
1084	5	19	0
1085	5.50000000000000	19	0
1086	6	19	0
1087	6.50000000000000	19	0
1088	7	19	0
1089	7.50000000000000	19	0
1090	8	19	0
1091	8.50000000000000	19	0
1092	9	19	0
1093	9.50000000000000	19	0
1094	10	19	0
1095	10.5000000000000	19	0
1096	11	19	0
1097	11.5000000000000	19	0
1098	12	19	0
1099	12.5000000000000	19	0
1100	13	19	0
1101	13.5000000000000	19	0
1102	14	19	0
1103	14.5000000000000	19	0
1104	15	19	0
1105	15.5000000000000	19	0
1106	16	19	0
1107	16.5000000000000	19	0
1108	17	19	0
1109	17.5000000000000	19	0
1110	18	19	0
1111	18.5000000000000	19	0
1112	19	19	0
1113	19.5000000000000	19	0
1114	20	19	0
1115	20.5000000000000	19	0
1116	21	19	0
1117	21.5000000000000	19	0
1118	22	19	0
1119	22.5000000000000	19	0
1120	23	19	0
1121	23.5000000000000	19	0
1122	24	19	0
1123	30	19	0
1124	-1	19.5000000000000	0
1125	30	19.5000000000000	0
1126	-1	20	0
1127	30	20	0
1128	-1	20.5000000000000	0
1129	30	20.5000000000000	0
1130	-1	21	0
1131	30	21	0
1132	-1	21.5000000000000	0
1133	30	21.5000000000000	0
1134	-1	22	0
1135	30	22	0
1136	-1	22.5000000000000	0
1137	30	22.5000000000000	0
1138	-1	23	0
1139	30	23	0
1140	-1	23.5000000000000	0
1141	30	23.5000000000000	0
1142	-1	24	0
1143	30	24	0
1144	-1	24.5000000000000	0
1145	30	24.5000000000000	0
1146	-1	25	0
1147	30	25	0
1148	-1	25.5000000000000	0
1149	30	25.5000000000000	0
1150	-1	26	0
1151	30	26	0
1152	-1	26.5000000000000	0
1153	30	26.5000000000000	0
1154	-1	27	0
1155	30	27	0
1156	-1	27.5000000000000	0
1157	30	27.5000000000000	0
1158	-1	28	0
1159	30	28	0
1160	-1	28.5000000000000	0
1161	30	28.5000000000000	0
1162	-1	29	0
1163	30	29	0
1164	-1	29.5000000000000	0
1165	30	29.5000000000000	0
1166	-1	30	0
1167	-0.500000000000000	30	0
1168	0	30	0
1169	0.500000000000000	30	0
1170	1	30	0
1171	1.50000000000000	30	0
1172	2	30	0
1173	2.50000000000000	30	0
1174	3	30	0
1175	3.50000000000000	30	0
1176	4	30	0
1177	4.50000000000000	30	0
1178	5	30	0
1179	5.50000000000000	30	0
1180	6	30	0
1181	6.50000000000000	30	0
1182	7	30	0
1183	7.50000000000000	30	0
1184	8	30	0
1185	8.50000000000000	30	0
1186	9	30	0
1187	9.50000000000000	30	0
1188	10	30	0
1189	10.5000000000000	30	0
1190	11	30	0
1191	11.5000000000000	30	0
1192	12	30	0
1193	12.5000000000000	30	0
1194	13	30	0
1195	13.5000000000000	30	0
1196	14	30	0
1197	14.5000000000000	30	0
1198	15	30	0
1199	15.5000000000000	30	0
1200	16	30	0
1201	16.5000000000000	30	0
1202	17	30	0
1203	17.5000000000000	30	0
1204	18	30	0
1205	18.5000000000000	30	0
1206	19	30	0
1207	19.5000000000000	30	0
1208	20	30	0
1209	20.5000000000000	30	0
1210	21	30	0
1211	21.5000000000000	30	0
1212	22	30	0
1213	22.5000000000000	30	0
1214	23	30	0
1215	23.5000000000000	30	0
1216	24	30	0
1217	24.5000000000000	30	0
1218	25	30	0
1219	25.5000000000000	30	0
1220	26	30	0
1221	26.5000000000000	30	0
1222	27	30	0
1223	27.5000000000000	30	0
1224	28	30	0
1225	28.5000000000000	30	0
1226	29	30	0
1227	29.5000000000000	30	0
1228	30	30	0
