0	25	25	0	0	
0	24.7464	25.61	0	0	
0	24.0679	25.1822	0	0	
0	24.2689	25.9149	0	0	
0	23.8164	26.7668	0	0	
0	24.0686	26.8005	0	0	
0	24.0856	27.2337	0	0	
0	24.1697	27.207	0	0	
0	25.0157	27.9184	0	0	
0	25.6795	27.7046	0	0	
0	25.3527	26.9387	0	0	
0	25.5387	27.322	0	0	
0	25.0858	27.4803	0	0	
0	25.6584	27.5201	0	0	
0	25.9887	28.546	0	0	
0	26.1501	28.1946	0	0	
0	26.5145	28.883	0	0	
0	25.9661	28.9796	0	0	
0	25.939	29.5854	0	0	
0	25.5329	29.5173	0	0	
0	26.0643	29.3879	0	0	
0	26.2202	28.5089	0	0	
0	25.8429	27.6263	0	0	
0	25.826	27.5618	0	0	
0	25.3232	27.1503	0	0	
0	24.7836	26.8466	0	0	
0	24.9329	26.4357	0	0	
0	24.9409	26.0839	0	0	
0	24.9714	25.9668	0	0	
0	24.9718	25.9847	0	0	
0	24.7875	25.7866	0	0	
0	24.3813	24.8077	0	0	
0	24.2313	24.9977	0	0	
0	24.6638	25.4106	0	0	
0	25.0406	25.7659	0	0	
0	24.9072	25.4176	0	0	
0	24.1277	26.4007	0	0	
0	24.0484	26.8294	0	0	
0	24.2842	27.354	0	0	
0	24.7366	27.5663	0	0	
0	24.582	26.8588	0	0	
0	24.3238	27.3623	0	0	
0	24.683	27.2146	0	0	
0	24.4001	27.5893	0	0	
0	23.1991	27.8596	0	0	
0	23.0637	27.7239	0	0	
0	22.8257	27.4547	0	0	
0	23.0324	26.9961	0	0	
0	22.8984	26.7995	0	0	
0	22.2191	27.8459	0	0	
0	21.6113	28.3723	0	0	
0	21.4182	28.5591	0	0	
0	21.5562	28.2699	0	0	
0	21.57	28.3966	0	0	
0	21.0939	28.949	0	0	
0	21.8863	29.1062	0	0	
0	21.6973	29.5873	0	0	
0	21.6258	29.468	0	0	
0	20.9639	29.7086	0	0	
0	20.5631	29.9114	0	0	
0	20.2436	30.3307	0	0	
0	20.0849	30.5036	0	0	
0	20.5235	30.756	0	0	
0	20.2828	30.6175	0	0	
0	20.4879	30.6675	0	0	
0	20.3491	30.2085	0	0	
0	19.7631	30.6626	0	0	
0	18.9537	30.3616	0	0	
0	18.9945	30.4929	0	0	
0	18.3414	30.7893	0	0	
0	18.9852	30.5579	0	0	
0	19.5694	30.2825	0	0	
0	19.5447	29.5058	0	0	
0	20.1423	28.8515	0	0	
0	19.011	28.3878	0	0	
0	17.9261	28.5405	0	0	
0	17.7886	27.8417	0	0	
0	18.5151	27.6094	0	0	
0	17.8711	27.3389	0	0	
0	17.9935	27.6696	0	0	
0	18.1935	27.877	0	0	
0	18.0833	27.0505	0	0	
0	17.6023	26.6673	0	0	
0	17.9723	26.3116	0	0	
0	17.856	26.6436	0	0	
0	17.6367	26.3501	0	0	
0	17.2606	25.3251	0	0	
0	16.7019	24.8702	0	0	
0	16.6894	25.161	0	0	
0	16.9337	25.834	0	0	
0	17.5724	25.7685	0	0	
0	18.3316	25.8972	0	0	
0	18.8063	26.1316	0	0	
0	18.203	26.7157	0	0	
0	17.2915	27.1194	0	0	
0	16.6769	27.9138	0	0	
0	16.2048	27.6308	0	0	
0	16.1267	27.7585	0	0	
0	16.159	27.3332	0	0	
0	14.9101	27.2623	0	0	
0	15.008	27.1178	0	0	
0	15.3285	27.2235	0	0	
0	14.6722	27.825	0	0	
0	13.7822	28.1702	0	0	
0	13.8602	28.3172	0	0	
0	14.8109	28.0921	0	0	
0	15.3743	27.367	0	0	
0	16.217	27.6391	0	0	
0	16.3531	28.3479	0	0	
0	16.2579	28.5413	0	0	
0	15.8067	29.1119	0	0	
0	15.8599	29.1274	0	0	
0	16.4022	28.5107	0	0	
0	16.407	28.7584	0	0	
0	15.9549	29.3693	0	0	
0	16.6436	28.9716	0	0	
0	16.7956	28.7506	0	0	
0	16.9198	28.1257	0	0	
0	17.6049	28.3325	0	0	
0	17.5186	27.9445	0	0	
0	17.8133	26.9297	0	0	
0	17.0977	27.773	0	0	
0	16.768	27.8702	0	0	
0	16.9375	28.1233	0	0	
0	17.0842	27.8507	0	0	
0	17.5076	28.0685	0	0	
0	17.108	28.9136	0	0	
0	16.9141	28.3607	0	0	
0	17.5232	28.5632	0	0	
0	18.0329	28.6603	0	0	
0	17.846	29.1087	0	0	
0	17.1384	29.4891	0	0	
0	17.7912	29.561	0	0	
0	18.0031	29.972	0	0	
0	17.6012	30.2487	0	0	
0	17.5866	30.6224	0	0	
0	17.1046	30.7432	0	0	
0	17.434	31.4218	0	0	
0	17.3711	31.6083	0	0	
0	16.7803	31.4598	0	0	
0	16.9328	30.7346	0	0	
0	17.3897	30.414	0	0	
0	18.3221	30.4233	0	0	
0	18.4552	30.6141	0	0	
0	17.8298	30.3744	0	0	
0	17.7842	29.9998	0	0	
0	17.906	29.652	0	0	
0	17.9005	29.6357	0	0	
0	18.2338	29.5572	0	0	
0	18.6293	29.9137	0	0	
0	18.9066	29.7043	0	0	
0	19.0319	29.7563	0	0	
0	19.4724	29.5921	0	0	
0	19.3134	28.3902	0	0	
0	19.8388	29.1113	0	0	
0	19.3723	29.4968	0	0	
0	19.6975	29.6296	0	0	
0	19.2243	29.266	0	0	
0	19.0434	28.5697	0	0	
0	17.8538	28.6616	0	0	
0	17.2939	28.6787	0	0	
0	17.804	28.2052	0	0	
0	17.2803	28.8421	0	0	
0	17.7591	28.4258	0	0	
0	17.5107	28.8013	0	0	
0	16.8319	28.8739	0	0	
0	15.9464	29.8885	0	0	
0	15.854	30.4706	0	0	
0	16.1641	30.9075	0	0	
0	16.1986	31.0345	0	0	
0	16.8917	31.0947	0	0	
0	16.3806	31.062	0	0	
0	15.8324	31.681	0	0	
0	15.8002	32.4558	0	0	
0	15.5298	32.8048	0	0	
0	15.744	32.6726	0	0	
0	15.1205	32.2998	0	0	
0	14.9762	32.0391	0	0	
0	15.5179	31.2179	0	0	
0	15.4245	31.7517	0	0	
0	16.079	31.2681	0	0	
0	16.4253	30.5064	0	0	
0	16.2089	31.2722	0	0	
0	16.7801	31.4175	0	0	
0	17.1197	30.3972	0	0	
0	17.8851	30.285	0	0	
0	17.2517	30.1418	0	0	
0	16.9215	30.4963	0	0	
0	17.6582	30.7474	0	0	
0	17.9555	29.5526	0	0	
0	17.3293	29.086	0	0	
0	18.048	28.6567	0	0	
0	18.211	28.5478	0	0	
0	17.9084	29.035	0	0	
0	18.6874	28.7544	0	0	
0	19.5559	28.4098	0	0	
0	19.5113	28.1505	0	0	
0	18.7652	27.6036	0	0	
0	18.4095	27.876	0	0	
0	18.5413	27.6439	0	0	
0	18.378	27.7706	0	0	
0	17.8257	28.1549	0	0	
0	17.3237	27.9701	0	0	
0	18.0544	28.9097	0	0	
0	17.745	29.1828	0	0	
0	17.9891	28.5192	0	0	
0	16.7535	28.7799	0	0	
0	17.0627	28.9484	0	0	
0	16.5782	28.8306	0	0	
0	16.7155	28.6469	0	0	
0	16.9075	28.6964	0	0	
0	17.5576	28.9344	0	0	
0	17.5602	28.5253	0	0	
0	17.7098	28.2864	0	0	
0	18.0965	27.8947	0	0	
0	18.2902	27.6622	0	0	
0	18.4717	27.4497	0	0	
0	17.9294	27.1809	0	0	
0	17.0714	27.3748	0	0	
0	17.5349	27.0736	0	0	
0	17.1611	27.9244	0	0	
0	17.9475	28.1344	0	0	
0	18.2212	27.1894	0	0	
0	18.0314	27.1675	0	0	
0	17.9237	26.4677	0	0	
0	18.3556	26.574	0	0	
0	18.6192	25.8294	0	0	
0	18.8805	25.7508	0	0	
0	18.4047	25.6137	0	0	
0	18.2778	24.9187	0	0	
0	18.7782	24.6376	0	0	
0	19.1195	23.7783	0	0	
0	19.0741	23.5577	0	0	
0	19.0102	23.5214	0	0	
0	19.4315	23.1084	0	0	
0	18.2706	22.9852	0	0	
0	17.9019	23.5275	0	0	
0	17.8534	23.0275	0	0	
0	17.6516	22.4859	0	0	
0	17.334	22.262	0	0	
0	17.4561	22.2257	0	0	
0	17.7691	22.5142	0	0	
0	18.0546	22.6118	0	0	
0	17.6903	23.0717	0	0	
0	17.6705	22.7701	0	0	
0	17.2908	22.567	0	0	
0	17.5774	22.4638	0	0	
0	17.8227	22.9736	0	0	
0	17.9162	23.3817	0	0	
0	17.5012	23.8065	0	0	
0	17.6137	24.3204	0	0	
0	17.0717	24.4061	0	0	
0	16.6912	24.0241	0	0	
0	16.4248	24.5021	0	0	
0	16.8244	24.5732	0	0	
0	16.7274	24.5867	0	0	
0	16.5171	24.4468	0	0	
0	16.4688	24.2153	0	0	
0	15.9873	24.423	0	0	
0	16.1075	24.2331	0	0	
0	16.3114	23.6575	0	0	
0	16.6635	23.3167	0	0	
0	17.3974	23.4544	0	0	
0	17.0505	22.7991	0	0	
0	16.8837	22.7407	0	0	
0	16.6752	22.8699	0	0	
0	17.1458	22.8077	0	0	
0	16.8022	23.708	0	0	
0	17.1177	23.7363	0	0	
0	16.7599	24.0699	0	0	
0	15.8891	23.8943	0	0	
0	15.6649	24.1143	0	0	
0	14.7448	23.3839	0	0	
0	13.7346	23.4323	0	0	
0	14.0151	22.8306	0	0	
0	13.4373	22.0279	0	0	
0	12.9698	22.0264	0	0	
0	12.256	22.1131	0	0	
0	12.1959	21.9782	0	0	
0	12.3056	22.2667	0	0	
0	13.2047	21.8556	0	0	
0	12.6176	22.3503	0	0	
0	11.7699	22.362	0	0	
0	11.9231	22.5588	0	0	
0	11.3471	23.056	0	0	
0	11.3773	22.2188	0	0	
0	12.1048	22.5313	0	0	
0	12.6098	22.4536	0	0	
0	13.1044	23.4061	0	0	
0	13.0865	23.2201	0	0	
0	12.2705	23.8328	0	0	
0	12.8441	23.2053	0	0	
0	13.0246	23.7715	0	0	
0	12.8858	22.8924	0	0	
0	12.3841	22.8554	0	0	
0	12.5586	23.1041	0	0	
0	12.2574	22.8584	0	0	
0	12.7183	23.5989	0	0	
0	12.2556	24.1455	0	0	
0	11.9783	23.4457	0	0	
0	12.1659	23.8097	0	0	
0	11.5608	23.4367	0	0	
0	11.3855	23.0181	0	0	
0	12.1976	22.2418	0	0	
0	11.2652	22.2388	0	0	
0	11.0157	22.2208	0	0	
0	11.9741	22.8406	0	0	
0	12.4566	22.3551	0	0	
0	11.573	22.3199	0	0	
0	11.5825	22.4932	0	0	
0	12.2703	22.6178	0	0	
0	12.2145	22.8792	0	0	
0	12.8561	23.1289	0	0	
0	12.7332	22.8336	0	0	
0	12.6661	23.7172	0	0	
0	13.2206	24.3893	0	0	
0	13.0215	23.9194	0	0	
0	13.2853	24.0615	0	0	
0	13.2027	23.622	0	0	
0	13.4601	23.6231	0	0	
0	13.2567	23.8754	0	0	
0	12.3612	23.7567	0	0	
0	12.2756	24.2714	0	0	
0	12.0014	23.9703	0	0	
0	12.013	23.6117	0	0	
0	11.5938	24.4297	0	0	
0	11.6592	24.6374	0	0	
0	11.8667	25.1813	0	0	
0	11.8258	25.7647	0	0	
0	11.3735	25.5759	0	0	
0	11.2486	25.6952	0	0	
0	10.9895	25.7346	0	0	
0	11.5148	25.7302	0	0	
0	11.3779	25.9236	0	0	
0	11.4149	25.7235	0	0	
0	11.128	26.311	0	0	
0	11.2539	26.2858	0	0	
0	11.2408	26.2152	0	0	
0	11.5134	26.3715	0	0	
0	12.2713	26.5454	0	0	
0	12.5443	26.5146	0	0	
0	11.9789	26.0495	0	0	
0	12.2909	26.0274	0	0	
0	12.7592	26.3985	0	0	
0	12.783	26.0146	0	0	
0	11.8553	25.3467	0	0	
0	12.1932	25.7029	0	0	
0	11.9813	25.2657	0	0	
0	11.8894	25.9217	0	0	
0	11.6319	26.338	0	0	
0	11.6606	26.11	0	0	
0	11.3863	26.1056	0	0	
0	10.9842	26.2325	0	0	
0	11.8073	25.9563	0	0	
0	11.48	25.5677	0	0	
0	11.2466	25.1859	0	0	
0	10.9581	26.0239	0	0	
0	10.5843	25.9049	0	0	
0	10.6396	25.8174	0	0	
0	10.6562	26.0771	0	0	
0	10.1932	26.1263	0	0	
0	9.8637	25.9142	0	0	
0	9.78808	26.1837	0	0	
0	9.41432	25.7599	0	0	
0	8.62435	25.3324	0	0	
0	8.29639	24.5355	0	0	
0	8.00669	24.1787	0	0	
0	8.36394	24.1981	0	0	
0	8.95499	24.4044	0	0	
0	9.08414	23.7585	0	0	
0	9.25081	23.6056	0	0	
0	9.0611	24.4766	0	0	
0	9.16965	23.9168	0	0	
0	9.27198	24.1541	0	0	
0	9.68268	24.2408	0	0	
0	9.58718	24.1084	0	0	
0	9.66524	23.5265	0	0	
0	9.21402	23.4289	0	0	
0	9.67467	23.7268	0	0	
0	8.75247	23.8495	0	0	
0	9.32796	23.0945	0	0	
0	9.53446	22.8586	0	0	
0	10.9906	23.0232	0	0	
0	11.2453	23.4063	0	0	
0	11.4326	23.7009	0	0	
0	11.3539	23.9703	0	0	
0	11.5838	24.1909	0	0	
0	11.0506	25.4794	0	0	
0	11.2949	25.3041	0	0	
0	10.9652	24.5533	0	0	
0	11.5837	24.2833	0	0	
0	11.5531	24.3275	0	0	
0	11.2026	24.3484	0	0	
0	10.8188	24.3517	0	0	
0	10.9175	23.905	0	0	
0	11.0985	23.683	0	0	
0	10.6651	24.0889	0	0	
0	10.4195	25.0378	0	0	
0	10.3282	24.9381	0	0	
0	10.3134	25.3246	0	0	
0	9.71378	24.9737	0	0	
0	10.0408	25.4647	0	0	
0	9.81437	26.0215	0	0	
0	10.1628	26.2898	0	0	
0	10.2744	26.5313	0	0	
0	10.5461	25.2889	0	0	
0	10.5649	25.6625	0	0	
0	10.0145	26.4075	0	0	
0	9.63288	25.9448	0	0	
0	9.35169	25.1206	0	0	
0	9.49455	24.9824	0	0	
0	9.51792	24.5028	0	0	
0	9.74836	25.0168	0	0	
0	9.86048	25.2493	0	0	
0	9.73707	25.7389	0	0	
0	9.85376	25.3292	0	0	
0	10.719	25.6835	0	0	
0	10.668	26.3068	0	0	
0	10.8447	26.7664	0	0	
0	11.2867	25.5655	0	0	
0	10.9314	25.9788	0	0	
0	11.8047	26.4095	0	0	
0	11.8171	26.2115	0	0	
0	11.958	26.3634	0	0	
0	11.5418	26.4783	0	0	
0	11.2247	26.6943	0	0	
0	10.238	26.7111	0	0	
0	10.8408	26.2563	0	0	
0	10.4656	26.8137	0	0	
0	10.4115	26.8832	0	0	
0	9.92237	27.0578	0	0	
0	9.65644	27.2692	0	0	
0	8.93373	26.9773	0	0	
0	8.62762	26.9537	0	0	
0	9.49549	26.6994	0	0	
0	9.1293	26.0466	0	0	
0	8.54193	25.6637	0	0	
0	9.15343	25.2206	0	0	
0	9.15898	24.7813	0	0	
0	9.19326	24.9169	0	0	
0	8.98782	24.988	0	0	
0	9.36786	24.251	0	0	
0	9.24601	24.5119	0	0	
0	9.33239	24.3246	0	0	
0	8.80004	23.9772	0	0	
0	8.00467	23.9664	0	0	
0	8.14649	23.9451	0	0	
0	8.05807	24.0321	0	0	
0	8.06809	24.939	0	0	
0	7.84525	24.4227	0	0	
0	8.02299	24.2432	0	0	
0	8.40976	23.3404	0	0	
0	8.67438	23.057	0	0	
0	8.35229	22.8789	0	0	
0	7.68211	22.5046	0	0	
0	7.33399	22.4736	0	0	
0	7.71539	22.3362	0	0	
0	8.01563	22.8872	0	0	
0	7.50232	22.675	0	0	
0	7.80041	22.1448	0	0	
0	8.78461	22.1207	0	0	
0	9.32171	22.1287	0	0	
0	9.78267	22.2828	0	0	
0	9.79571	22.4293	0	0	
0	9.84394	22.0319	0	0	
0	9.77686	21.6892	0	0	
0	10.2014	22.4153	0	0	
0	10.3393	22.2867	0	0	
0	10.4324	23.0803	0	0	
0	10.7888	22.8801	0	0	
0	11.3275	22.6165	0	0	
0	11.0746	22.9523	0	0	
0	11.1056	22.924	0	0	
0	10.4375	22.9422	0	0	
0	9.17293	23.3791	0	0	
0	9.38943	24.026	0	0	
0	8.87225	23.9616	0	0	
0	8.94817	23.3587	0	0	
0	8.7371	23.1194	0	0	
0	8.185	22.4327	0	0	
0	7.89631	22.1645	0	0	
0	7.86648	21.8807	0	0	
0	7.74828	21.6281	0	0	
0	8.40616	22.1973	0	0	
0	8.76805	22.923	0	0	
0	9.09685	23.4994	0	0	
0	10.2609	23.1441	0	0	
0	10.3189	23.0776	0	0	
0	9.64525	22.6628	0	0	
0	9.88741	22.4795	0	0	
0	9.44697	22.0595	0	0	
0	9.07095	21.5594	0	0	
0	9.06132	21.5388	0	0	
0	10.3625	21.0317	0	0	
0	10.3132	20.8908	0	0	
0	10.3196	20.669	0	0	
0	10.6975	21.0403	0	0	
0	10.3961	21.2828	0	0	
0	8.96558	21.5441	0	0	
0	9.30653	21.7411	0	0	
0	9.80776	20.9943	0	0	
0	9.97298	21.0033	0	0	
0	10.804	20.2206	0	0	
0	10.2824	19.8438	0	0	
0	10.3172	20.4213	0	0	
0	10.4563	19.4715	0	0	
0	10.7214	19.9813	0	0	
0	11.4987	20.7475	0	0	
0	11.5697	21.337	0	0	
0	11.5765	21.0075	0	0	
0	11.4481	21.8802	0	0	
0	11.6178	22.0167	0	0	
0	11.3885	22.5429	0	0	
0	11.3302	22.3017	0	0	
0	10.4572	21.7662	0	0	
0	10.1474	21.6676	0	0	
0	10.4297	21.7684	0	0	
0	10.6789	21.9824	0	0	
0	10.5221	21.8118	0	0	
0	11.0038	21.2854	0	0	
0	10.4961	21.6409	0	0	
0	11.2799	21.8325	0	0	
0	10.5273	22.1294	0	0	
0	11.3537	22.7527	0	0	
0	11.2357	22.2672	0	0	
0	11.5579	21.7025	0	0	
0	11.6339	21.1368	0	0	
0	10.8577	21.8519	0	0	
0	10.4436	21.1796	0	0	
0	9.73555	21.3039	0	0	
0	10.0896	21.7193	0	0	
0	10.094	21.6185	0	0	
0	9.68833	21.5119	0	0	
0	10.1084	21.8045	0	0	
0	9.46313	21.5689	0	0	
0	9.48901	21.3048	0	0	
0	9.77147	21.8803	0	0	
0	9.79813	21.5176	0	0	
0	9.88676	22.1054	0	0	
0	9.66835	22.4963	0	0	
0	10.1895	22.9329	0	0	
0	10.1399	23.277	0	0	
0	10.2995	23.7585	0	0	
0	10.5181	23.7345	0	0	
0	10.8079	23.535	0	0	
0	10.1042	24.0117	0	0	
0	10.9014	24.4495	0	0	
0	10.8776	24.9894	0	0	
0	11.4696	25.6569	0	0	
0	11.3403	25.1959	0	0	
0	11.3124	25.6503	0	0	
0	10.7595	25.6232	0	0	
0	11.1522	24.9565	0	0	
0	11.0892	24.6264	0	0	
0	11.4548	25.8084	0	0	
0	11.8299	25.7362	0	0	
0	11.6272	24.6023	0	0	
0	11.7357	25.3761	0	0	
0	12.4327	26.1271	0	0	
0	12.5071	26.1844	0	0	
0	13.4327	26.5522	0	0	
0	13.3263	26.0271	0	0	
0	13.6506	25.6762	0	0	
0	13.994	26.0209	0	0	
0	14.1178	25.1317	0	0	
0	13.5864	24.048	0	0	
0	13.44	24.1035	0	0	
0	13.3064	24.1141	0	0	
0	13.2578	23.8885	0	0	
0	13.418	24.5555	0	0	
0	13.0223	24.761	0	0	
0	12.6905	24.5579	0	0	
0	12.6508	24.495	0	0	
0	12.6373	23.9093	0	0	
0	12.4335	24.6863	0	0	
0	12.6056	24.4955	0	0	
0	12.4363	24.5253	0	0	
0	12.5617	24.8679	0	0	
0	11.6742	24.4301	0	0	
0	12.3527	23.7435	0	0	
0	12.4642	23.5457	0	0	
0	12.3555	23.0232	0	0	
0	12.342	22.5313	0	0	
0	11.6486	22.5965	0	0	
0	11.0578	22.4361	0	0	
0	10.7834	22.4819	0	0	
0	11.5446	22.6195	0	0	
0	12.1047	21.9796	0	0	
0	12.2687	22.3116	0	0	
0	12.4275	22.2124	0	0	
0	12.5777	22.1165	0	0	
0	13.2235	22.2541	0	0	
0	13.5966	21.9096	0	0	
0	13.3986	21.1838	0	0	
0	13.8692	21.6157	0	0	
0	14.2148	21.5062	0	0	
0	14.5549	21.084	0	0	
0	14.9602	21.1918	0	0	
0	14.6644	20.221	0	0	
0	14.5068	20.6262	0	0	
0	14.4144	20.8313	0	0	
0	14.1993	20.7236	0	0	
0	14.0115	20.8803	0	0	
0	13.7695	20.4891	0	0	
0	14.0428	20.4525	0	0	
0	13.9138	19.68	0	0	
0	13.992	19.8849	0	0	
0	13.7866	19.5769	0	0	
0	13.6943	20.585	0	0	
0	13.2973	20.7145	0	0	
0	13.4583	20.2184	0	0	
0	14.1313	19.6696	0	0	
0	13.7192	19.5448	0	0	
0	14.1584	19.5635	0	0	
0	14.4351	20.3683	0	0	
0	14.2391	20.4095	0	0	
0	13.7797	20.3964	0	0	
0	13.6417	20.7786	0	0	
0	13.2971	20.6688	0	0	
0	13.2617	20.0774	0	0	
0	12.0799	20.0833	0	0	
0	12.421	21.0086	0	0	
0	12.9675	20.7147	0	0	
0	12.5096	21.133	0	0	
0	13.0576	20.648	0	0	
0	12.0654	20.6512	0	0	
0	12.3776	20.4088	0	0	
0	11.4884	19.7074	0	0	
0	11.0057	19.6548	0	0	
0	10.5418	20.0095	0	0	
0	11.0803	20.8268	0	0	
0	11.3086	21.0768	0	0	
0	11.0558	21.4499	0	0	
0	11.9446	20.8858	0	0	
0	11.4208	20.883	0	0	
0	10.8577	21.1021	0	0	
0	10.664	20.5946	0	0	
0	10.8402	19.4225	0	0	
0	11.4737	19.6079	0	0	
0	12.131	19.9787	0	0	
0	12.1628	20.7211	0	0	
0	11.6436	21.1741	0	0	
0	10.4163	20.8814	0	0	
0	10.3782	20.2001	0	0	
0	10.4566	19.6993	0	0	
0	10.2817	19.624	0	0	
0	11.0847	19.1419	0	0	
0	11.9374	19.0558	0	0	
0	12.2639	18.5763	0	0	
0	12.1239	18.6858	0	0	
0	11.7206	18.4972	0	0	
0	11.8968	18.5407	0	0	
0	12.0671	17.9008	0	0	
0	12.5524	17.9791	0	0	
0	12.3925	18.4804	0	0	
0	12.4012	18.9158	0	0	
0	12.4598	19.1522	0	0	
0	12.6246	19.258	0	0	
0	11.8328	20.3293	0	0	
0	11.8592	20.6439	0	0	
0	11.3931	20.2006	0	0	
0	11.3247	20.2549	0	0	
0	10.9918	20.0544	0	0	
0	10.6618	19.2463	0	0	
0	11.4149	19.1581	0	0	
0	10.9804	19.3987	0	0	
0	10.4238	19.545	0	0	
0	10.1734	20.0798	0	0	
0	10.7061	20.1541	0	0	
0	10.6869	19.8194	0	0	
0	10.6159	19.6123	0	0	
0	10.3028	20.0326	0	0	
0	11.0318	20.1789	0	0	
0	10.4661	20.2977	0	0	
0	9.95292	21.3029	0	0	
0	9.60607	21.0226	0	0	
0	10.2707	21.6122	0	0	
0	9.9614	20.6047	0	0	
0	10.2726	19.8588	0	0	
0	10.0907	20.1378	0	0	
0	9.81279	19.9209	0	0	
0	10.4816	19.8549	0	0	
0	9.90702	19.2278	0	0	
0	10.9978	19.3521	0	0	
0	11.7293	18.6447	0	0	
0	12.1241	19.2735	0	0	
0	12.7786	19.4997	0	0	
0	12.6681	19.5977	0	0	
0	12.9595	19.5424	0	0	
0	12.7451	19.5737	0	0	
0	12.6333	19.8831	0	0	
0	12.2366	19.5092	0	0	
0	11.8541	19.3664	0	0	
0	11.9586	19.4559	0	0	
0	11.8589	19.243	0	0	
0	11.8997	18.6084	0	0	
0	11.9774	18.0949	0	0	
0	11.7454	18.7903	0	0	
0	12.5372	19.3988	0	0	
0	12.6902	19.5413	0	0	
0	12.602	18.7327	0	0	
0	12.9404	18.7857	0	0	
0	13.6265	18.3888	0	0	
0	13.8971	18.1542	0	0	
0	14.3721	17.9552	0	0	
0	14.3854	17.8571	0	0	
0	13.5625	17.6264	0	0	
0	13.6598	17.3442	0	0	
0	13.756	17.6063	0	0	
0	13.6182	18.2151	0	0	
0	13.6159	17.8825	0	0	
0	13.6913	17.6358	0	0	
0	13.5044	18.1171	0	0	
0	14.149	17.8778	0	0	
0	14.1461	17.2112	0	0	
0	15.3017	16.5349	0	0	
0	15.6245	16.5569	0	0	
0	15.0631	16.2637	0	0	
0	15.2003	15.8929	0	0	
0	14.2434	16.4316	0	0	
0	13.8542	16.256	0	0	
0	13.8252	15.7819	0	0	
0	14.1363	15.5079	0	0	
0	13.6078	15.8712	0	0	
0	13.263	15.5856	0	0	
0	13.1953	15.2301	0	0	
0	13.3035	15.5164	0	0	
0	14.2007	15.9621	0	0	
0	14.0592	16.4024	0	0	
0	13.5636	16.219	0	0	
0	14.3371	16.4046	0	0	
0	14.1624	16.8177	0	0	
0	14.415	17.0478	0	0	
0	14.1299	16.4522	0	0	
0	14.5424	15.8572	0	0	
0	15.3931	15.3271	0	0	
0	14.986	15.4408	0	0	
0	14.9591	15.8007	0	0	
0	15.8206	16.1975	0	0	
0	16.9785	16.0031	0	0	
0	17.3802	15.8636	0	0	
0	17.0515	15.2965	0	0	
0	17.5905	14.9272	0	0	
0	17.4895	14.4404	0	0	
0	16.8788	15.1031	0	0	
0	17.1718	14.4375	0	0	
0	17.7812	14.6703	0	0	
0	17.921	14.0394	0	0	
0	17.9595	13.6934	0	0	
0	17.5794	14.7035	0	0	
0	17.3699	14.9595	0	0	
0	17.3528	14.6123	0	0	
0	17.301	14.6218	0	0	
0	17.5716	14.3064	0	0	
0	17.6101	14.3464	0	0	
0	17.6611	14.2396	0	0	
0	17.5525	13.8421	0	0	
0	17.4036	13.6978	0	0	
0	18.0117	13.4303	0	0	
0	17.5007	13.2792	0	0	
0	17.3057	12.2673	0	0	
0	16.9773	12.9142	0	0	
0	16.3641	12.8591	0	0	
0	16.8472	13.1131	0	0	
0	16.593	12.9461	0	0	
0	16.6005	11.9585	0	0	
0	16.4214	12.7222	0	0	
0	16.6369	13.0533	0	0	
0	15.7891	13.0119	0	0	
0	15.859	12.3791	0	0	
0	15.1059	12.3492	0	0	
0	14.8576	13.0213	0	0	
0	15.1133	12.8924	0	0	
0	14.9427	12.8142	0	0	
0	14.8084	12.8292	0	0	
0	14.3267	12.7458	0	0	
0	14.1488	12.9101	0	0	
0	14.8343	12.603	0	0	
0	14.561	12.7491	0	0	
0	15.0104	13.3906	0	0	
0	15.0244	13.5644	0	0	
0	14.9258	13.561	0	0	
0	15.7958	14.3196	0	0	
0	16.7381	14.3749	0	0	
0	15.8685	14.2284	0	0	
0	16.3203	14.1532	0	0	
0	16.6315	14.1387	0	0	
0	16.818	13.8007	0	0	
0	16.7442	13.6178	0	0	
0	16.9703	14.1058	0	0	
0	17.19	14.0856	0	0	
0	17.7654	13.4484	0	0	
0	18.6564	13.5812	0	0	
0	18.461	13.4171	0	0	
0	18.3681	13.9976	0	0	
0	18.2685	13.6202	0	0	
0	18.4276	13.3215	0	0	
0	18.5305	12.8238	0	0	
0	18.9563	12.9111	0	0	
0	18.5285	12.9643	0	0	
0	18.5046	12.6634	0	0	
0	18.1626	11.9814	0	0	
0	17.5474	11.9707	0	0	
0	16.6899	12.1393	0	0	
0	17.3078	11.6119	0	0	
0	16.6826	11.3895	0	0	
0	17.1343	11.7586	0	0	
0	16.9448	11.8592	0	0	
0	17.4434	12.1474	0	0	
0	18.4969	12.1688	0	0	
0	19.1702	12.8545	0	0	
0	19.0416	12.5581	0	0	
0	19.4958	12.7456	0	0	
0	19.6201	12.7137	0	0	
0	19.3947	13.0897	0	0	
0	18.9918	13.2706	0	0	
0	19.5661	14.0826	0	0	
0	19.5928	14.3188	0	0	
0	19.8641	14.5791	0	0	
0	19.5465	14.2484	0	0	
0	19.4135	14.1334	0	0	
0	19.9694	13.9871	0	0	
0	19.796	14.1799	0	0	
0	20.3448	14.3789	0	0	
0	20.0289	14.481	0	0	
0	19.8096	14.2078	0	0	
0	20.2743	14.1656	0	0	
0	19.9965	14.5719	0	0	
0	20.5588	14.5323	0	0	
0	20.0574	15.4405	0	0	
0	20.1757	15.4228	0	0	
0	21.2879	15.5911	0	0	
0	21.3158	15.2923	0	0	
0	22.3926	15.5741	0	0	
0	22.8585	15.8332	0	0	
0	21.6256	16.1745	0	0	
0	22.2435	15.5127	0	0	
0	22.044	14.9231	0	0	
0	22.4729	14.8409	0	0	
0	22.7777	14.3806	0	0	
0	22.9103	13.9047	0	0	
0	23.3459	14.0634	0	0	
0	22.479	13.5984	0	0	
0	22.5309	14.2924	0	0	
0	22.7789	15.0448	0	0	
0	22.9486	15.3725	0	0	
0	22.5356	15.451	0	0	
0	23.2776	16.2498	0	0	
0	22.5952	16.3591	0	0	
0	22.141	17.1831	0	0	
0	22.0544	17.0889	0	0	
0	21.9161	16.7598	0	0	
0	22.0981	16.7515	0	0	
0	22.0807	16.882	0	0	
0	21.7499	17.2177	0	0	
0	21.5504	18.3048	0	0	
0	21.4482	18.187	0	0	
0	21.5218	17.967	0	0	
0	21.8845	17.8111	0	0	
0	21.8662	18.8014	0	0	
0	22.6432	18.7191	0	0	
0	22.8435	17.9228	0	0	
0	22.6341	17.3812	0	0	
0	21.7925	17.05	0	0	
0	21.8079	16.8073	0	0	
0	21.2817	16.491	0	0	
0	20.3391	15.9171	0	0	
0	20.425	15.7584	0	0	
0	20.9719	16.1795	0	0	
0	21.6111	15.4364	0	0	
0	21.3185	15.9517	0	0	
0	21.3824	15.7675	0	0	
0	21.989	14.8016	0	0	
0	21.584	14.7458	0	0	
0	20.8252	14.343	0	0	
0	22.2868	14.6344	0	0	
0	21.9091	14.5618	0	0	
0	22.0505	14.2581	0	0	
0	22.3067	14.8086	0	0	
0	22.1041	15.8582	0	0	
0	22.2277	16.1888	0	0	
0	22.5905	16.0941	0	0	
0	23.2725	15.6188	0	0	
0	23.5092	15.8397	0	0	
0	23.6484	15.8545	0	0	
0	23.3031	16.1801	0	0	
0	23.1693	16.5343	0	0	
0	23.7133	16.4043	0	0	
0	23.8538	16.0573	0	0	
0	24.6497	16.639	0	0	
0	24.8128	17.0156	0	0	
0	25.1455	16.8106	0	0	
0	25.5742	16.0957	0	0	
0	25.5932	15.2747	0	0	
0	24.9579	15.5621	0	0	
0	25.1427	15.276	0	0	
0	24.6327	14.7472	0	0	
0	23.771	14.7869	0	0	
0	23.4569	14.4677	0	0	
0	24.0571	14.629	0	0	
0	25.0311	14.266	0	0	
0	25.2504	14.4054	0	0	
0	25.2727	14.5145	0	0	
0	24.5837	15.2536	0	0	
0	24.074	15.1086	0	0	
0	23.847	15.1527	0	0	
0	24.4961	15.3498	0	0	
0	24.2928	15.6524	0	0	
0	24.1411	16.0733	0	0	
0	24.9022	15.5908	0	0	
0	24.7408	15.8361	0	0	
0	24.2214	15.3325	0	0	
0	24.7714	15.3332	0	0	
0	24.9327	15.7236	0	0	
0	24.6851	15.6547	0	0	
0	24.5841	14.9169	0	0	
0	24.7009	14.8192	0	0	
0	25.388	15.0659	0	0	
0	25.6889	14.7384	0	0	
0	25.5241	15.041	0	0	
0	25.4093	14.6306	0	0	
0	24.8754	15.1956	0	0	
0	24.6234	14.5334	0	0	
0	24.2293	15.1495	0	0	
0	23.7138	15.1403	0	0	
0	23.6733	15.3717	0	0	
0	23.8757	16.4471	0	0	
0	22.9599	16.7019	0	0	
0	23.8365	16.2078	0	0	
0	23.9254	16.258	0	0	
0	24.3951	16.5952	0	0	
0	23.9309	16.3891	0	0	
0	23.5459	16.9376	0	0	
0	22.8196	16.28	0	0	
0	22.7815	16.581	0	0	
0	22.5932	15.8748	0	0	
0	21.8559	15.4116	0	0	
0	21.962	14.939	0	0	
0	22.5047	15.7187	0	0	
0	23.4473	16.0066	0	0	
0	23.9091	16.3655	0	0	
0	23.4702	17.1041	0	0	
0	23.8127	16.3538	0	0	
0	24.6086	15.6925	0	0	
0	24.5952	15.8681	0	0	
0	24.3741	15.1415	0	0	
0	24.7424	15.0324	0	0	
0	25.278	15.8003	0	0	
0	25.1694	15.215	0	0	
0	25.04	15.4392	0	0	
0	24.482	14.7034	0	0	
0	25.1737	14.7919	0	0	
0	25.3048	15.1644	0	0	
0	24.9603	13.9991	0	0	
0	24.7445	13.036	0	0	
0	24.6408	12.3618	0	0	
0	24.1184	12.0811	0	0	
0	23.5912	11.4054	0	0	
0	23.1953	11.0895	0	0	
0	23.3078	11.3282	0	0	
0	23.1387	11.9994	0	0	
0	22.8056	11.8571	0	0	
0	22.4983	11.0809	0	0	
0	22.4866	11.5466	0	0	
0	22.3541	11.1787	0	0	
0	22.5773	11.2236	0	0	
0	21.985	10.5203	0	0	
0	22.1231	10.5629	0	0	
0	20.9331	11.0492	0	0	
0	20.3037	11.3875	0	0	
0	19.3378	12.124	0	0	
0	19.137	11.1178	0	0	
0	19.5304	10.835	0	0	
0	19.8235	10.6059	0	0	
0	20.1659	9.72048	0	0	
0	19.319	10.0174	0	0	
0	19.3333	10.1115	0	0	
0	19.3476	9.73749	0	0	
0	19.2483	10.0384	0	0	
0	18.9186	10.5231	0	0	
0	19.0503	10.5825	0	0	
0	18.4889	10.9136	0	0	
0	18.3557	10.8224	0	0	
0	18.7416	11.068	0	0	
0	18.7917	11.218	0	0	
0	18.3815	11.1276	0	0	
0	18.2671	10.8993	0	0	
0	17.8515	10.0778	0	0	
0	17.5901	9.25172	0	0	
0	17.4779	8.86918	0	0	
0	16.7327	9.13748	0	0	
0	16.4654	8.77397	0	0	
0	16.1519	8.64793	0	0	
0	15.9312	8.11339	0	0	
0	15.588	8.09043	0	0	
0	15.4231	8.38243	0	0	
0	15.8325	8.73088	0	0	
0	15.5689	8.6485	0	0	
0	15.6507	8.50384	0	0	
0	14.7062	9.09479	0	0	
0	14.5575	9.74163	0	0	
0	15.4737	9.09861	0	0	
0	15.203	9.28202	0	0	
0	15.3362	9.29142	0	0	
0	16.0631	8.80779	0	0	
0	15.288	8.56951	0	0	
0	14.9603	8.90898	0	0	
0	15.5915	8.90316	0	0	
0	15.8716	8.5791	0	0	
0	16.0587	9.10971	0	0	
0	16.1619	8.92436	0	0	
0	16.7156	9.23359	0	0	
0	16.4874	8.72339	0	0	
0	17.1819	8.46284	0	0	
0	16.8788	8.16755	0	0	
0	17.0052	8.3349	0	0	
0	17.3041	7.64837	0	0	
0	17.1084	7.92283	0	0	
0	17.6254	7.84647	0	0	
0	17.203	7.55513	0	0	
0	17.0358	7.63255	0	0	
0	17.0084	7.1315	0	0	
0	17.1904	8.11368	0	0	
0	17.1578	7.5059	0	0	
0	16.6621	8.01782	0	0	
0	15.5375	7.94892	0	0	
0	15.3466	8.5064	0	0	
0	15.2149	8.79804	0	0	
0	15.2163	8.18583	0	0	
0	14.2647	8.06005	0	0	
0	13.738	8.57746	0	0	
0	14.1706	9.35643	0	0	
0	14.6391	10.1442	0	0	
0	15.5071	10.8887	0	0	
0	15.4715	11.4535	0	0	
0	15.1871	10.6735	0	0	
0	15.1617	10.9599	0	0	
0	15.7346	11.5369	0	0	
0	16.7089	11.3558	0	0	
0	15.6129	11.0357	0	0	
0	15.1347	11.0281	0	0	
0	16.0061	11.0434	0	0	
0	15.6706	11.1104	0	0	
0	16.0173	11.6765	0	0	
0	15.4005	11.5231	0	0	
0	15.9876	11.1574	0	0	
0	16.3571	11.9155	0	0	
0	16.9577	11.4897	0	0	
0	17.6139	11.1216	0	0	
0	16.9534	10.925	0	0	
0	16.2625	11.5526	0	0	
0	16.4859	11.674	0	0	
0	16.5091	10.2942	0	0	
0	16.3087	10.1355	0	0	
0	16.4892	10.5467	0	0	
0	16.1414	11.0014	0	0	
0	16.5359	10.583	0	0	
0	16.0065	10.0261	0	0	
0	16.1339	10.6724	0	0	
0	16.0608	11.2379	0	0	
0	16.4941	11.1358	0	0	
0	17.467	10.9671	0	0	
0	17.4621	11.2785	0	0	
0	17.5246	11.9023	0	0	
0	17.62	12.3173	0	0	
0	16.9038	11.7177	0	0	
0	17.3731	12.0588	0	0	
0	18.3051	12.5869	0	0	
0	18.1909	12.7266	0	0	
0	17.3591	13.0198	0	0	
0	16.8694	13.1006	0	0	
0	16.7254	14.0718	0	0	
0	17.1461	14.4449	0	0	
0	17.6496	13.8466	0	0	
0	17.9937	13.9428	0	0	
0	17.4622	13.7664	0	0	
0	17.6985	13.2207	0	0	
0	17.7817	12.404	0	0	
0	17.5996	12.1177	0	0	
0	17.9437	12.8423	0	0	
0	17.4249	13.9732	0	0	
0	16.7951	13.2657	0	0	
0	16.7886	13.7846	0	0	
0	16.6461	14.4263	0	0	
0	16.6037	14.3838	0	0	
0	15.6781	13.6263	0	0	
0	15.515	13.5391	0	0	
0	15.3879	14.1456	0	0	
0	15.7426	15.1201	0	0	
0	15.8582	14.5305	0	0	
0	16.3458	13.9233	0	0	
0	16.7619	14.2137	0	0	
0	16.7116	14.7111	0	0	
0	17.3547	13.4748	0	0	
0	17.1169	12.7573	0	0	
0	17.3151	12.7397	0	0	
0	17.1236	13.3521	0	0	
0	17.3021	14.386	0	0	
0	16.9066	14.4951	0	0	
0	16.9138	14.8398	0	0	
0	16.3931	14.8661	0	0	
0	16.1305	14.6548	0	0	
0	15.3765	14.3838	0	0	
0	14.6032	14.1159	0	0	
0	13.5442	13.3237	0	0	
0	13.7939	13.1778	0	0	
0	13.9451	12.9721	0	0	
0	14.3423	12.6307	0	0	
0	13.8697	12.0918	0	0	
0	13.2788	12.1938	0	0	
0	13.9671	11.8068	0	0	
0	14.4059	11.8795	0	0	
0	15.7196	12.1338	0	0	
0	15.3086	12.5474	0	0	
0	14.5922	12.5158	0	0	
0	13.8126	12.4423	0	0	
0	13.4232	11.8902	0	0	
0	13.6888	11.5925	0	0	
0	14.1034	11.0865	0	0	
0	13.0865	11.1139	0	0	
0	13.0734	11.0942	0	0	
0	13.0433	11.1735	0	0	
0	13.5709	10.832	0	0	
0	13.9319	11.317	0	0	
0	13.7184	11.0236	0	0	
0	13.4522	10.7938	0	0	
0	13.6737	10.5059	0	0	
0	13.202	10.238	0	0	
0	13.8514	9.49537	0	0	
0	14.4593	9.34827	0	0	
0	14.9871	9.47293	0	0	
0	15.4993	9.49397	0	0	
0	15.2338	9.39674	0	0	
0	15.4079	9.41136	0	0	
0	15.3405	9.05504	0	0	
0	15.216	9.09025	0	0	
0	14.679	9.34503	0	0	
0	14.2927	8.83403	0	0	
0	14.3761	9.02832	0	0	
0	14.4812	9.08054	0	0	
0	13.5113	8.08321	0	0	
0	13.6788	8.4225	0	0	
0	13.0364	8.58418	0	0	
0	13.1247	8.82268	0	0	
0	12.4553	8.76349	0	0	
0	13.1587	8.65232	0	0	
0	13.3559	8.20916	0	0	
0	12.7366	8.5751	0	0	
0	12.1625	8.59673	0	0	
0	12.5145	7.74232	0	0	
0	12.7234	8.41818	0	0	
0	12.2396	8.88236	0	0	
0	12.04	8.98622	0	0	
0	12.0173	9.14827	0	0	
0	11.767	8.52753	0	0	
0	11.9814	8.68965	0	0	
0	12.3939	8.20538	0	0	
0	11.8692	8.3717	0	0	
0	11.4407	9.11205	0	0	
0	10.4675	8.56595	0	0	
0	10.3159	7.37165	0	0	
0	9.8791	7.15206	0	0	
0	10.2061	7.53127	0	0	
0	10.6399	7.06427	0	0	
0	10.601	7.562	0	0	
0	10.5469	6.98799	0	0	
0	9.98555	7.04685	0	0	
0	8.62694	6.66842	0	0	
0	9.01921	5.34161	0	0	
0	9.48359	4.76832	0	0	
0	9.51924	5.14281	0	0	
0	7.90322	5.56754	0	0	
0	8.59942	6.29114	0	0	
0	8.70848	6.0299	0	0	
0	8.96406	6.86566	0	0	
0	8.83899	7.15712	0	0	
0	8.93574	6.75771	0	0	
0	9.49249	6.09291	0	0	
0	9.46801	6.12343	0	0	
0	9.241	6.48569	0	0	
0	9.08623	6.43366	0	0	
0	8.96475	6.40441	0	0	
0	9.32045	6.46863	0	0	
0	8.94894	5.6957	0	0	
0	8.31912	6.13379	0	0	
0	9.10567	6.02069	0	0	
0	9.06104	6.4844	0	0	
0	8.68687	6.82436	0	0	
0	9.41643	6.65971	0	0	
0	9.39771	7.65647	0	0	
0	8.31232	7.61167	0	0	
0	7.76454	7.39985	0	0	
0	7.97898	7.05038	0	0	
0	7.81146	6.91367	0	0	
0	7.78946	7.5856	0	0	
0	7.3273	7.27474	0	0	
0	6.42652	7.99499	0	0	
0	6.94727	8.60419	0	0	
0	6.45	8.74736	0	0	
0	6.8572	8.73416	0	0	
0	7.04333	8.59623	0	0	
0	6.79897	8.85207	0	0	
0	6.85827	10.1347	0	0	
0	8.02446	10.3271	0	0	
0	8.75699	9.96799	0	0	
0	8.8019	10.7093	0	0	
0	8.671	10.6592	0	0	
0	9.16312	10.5871	0	0	
0	9.15484	10.2976	0	0	
0	8.02798	10.6363	0	0	
0	8.25937	10.4312	0	0	
0	7.79864	9.35216	0	0	
0	7.96264	9.3589	0	0	
0	7.62026	9.82799	0	0	
0	8.18101	9.80919	0	0	
0	7.80891	9.59417	0	0	
0	8.97021	8.86547	0	0	
0	8.7539	9.56187	0	0	
0	8.65151	9.26741	0	0	
0	9.1227	9.54685	0	0	
0	9.65384	9.94013	0	0	
0	9.24366	9.37541	0	0	
0	8.5774	9.9117	0	0	
0	8.90702	10.5993	0	0	
0	8.90743	10.017	0	0	
0	9.75605	10.2313	0	0	
0	9.43518	9.87612	0	0	
0	9.3102	8.98991	0	0	
0	8.12996	8.18527	0	0	
0	7.61983	8.00653	0	0	
0	8.198	7.33188	0	0	
0	8.89654	6.96889	0	0	
0	8.39775	7.68413	0	0	
0	7.50939	7.48429	0	0	
0	7.94608	6.78169	0	0	
0	8.09533	6.43697	0	0	
0	7.67287	7.14347	0	0	
0	7.32999	7.77939	0	0	
0	6.98636	6.17048	0	0	
0	6.82619	6.05452	0	0	
0	6.13414	5.85125	0	0	
0	4.98157	6.08289	0	0	
0	5.13052	6.19909	0	0	
0	6.17171	6.06731	0	0	
0	5.69807	5.66264	0	0	
0	5.5143	5.95549	0	0	
0	4.89083	5.55976	0	0	
0	3.89019	6.06399	0	0	
0	4.34697	6.81498	0	0	
0	4.63755	6.85772	0	0	
0	5.00842	7.17095	0	0	
0	4.49425	7.34078	0	0	
0	4.3857	7.86861	0	0	
0	4.12403	7.47771	0	0	
0	4.05762	7.0438	0	0	
0	4.57717	6.46408	0	0	
0	4.59397	6.32898	0	0	
0	4.35087	6.58571	0	0	
0	4.87289	6.67705	0	0	
0	4.58467	6.99428	0	0	
0	4.85407	6.69609	0	0	
0	5.01229	6.56695	0	0	
0	4.69402	6.68296	0	0	
0	4.2584	7.13799	0	0	
0	3.63619	7.18393	0	0	
0	3.33892	6.94519	0	0	
0	3.60618	6.14621	0	0	
0	3.57898	5.63521	0	0	
0	3.19741	5.98824	0	0	
0	3.18789	6.77059	0	0	
0	2.88185	6.70088	0	0	
0	2.47533	6.85311	0	0	
0	2.43326	6.82114	0	0	
0	3.21939	7.37489	0	0	
0	3.58151	7.24548	0	0	
0	3.39166	6.15758	0	0	
0	2.4006	6.32332	0	0	
0	2.68418	6.02519	0	0	
0	2.59549	5.89827	0	0	
0	2.9198	6.17572	0	0	
0	3.09233	5.91502	0	0	
0	2.16887	5.6027	0	0	
0	1.70253	5.29814	0	0	
0	0.576476	4.56959	0	0	
0	1.5489	4.91416	0	0	
0	1.5016	4.27127	0	0	
0	1.78598	4.2909	0	0	
0	1.59461	4.2873	0	0	
0	1.16377	5.02193	0	0	
0	0.876378	4.71572	0	0	
0	0.428219	5.30453	0	0	
0	0.486288	4.33572	0	0	
0	0.433201	4.29123	0	0	
0	0.253972	4.08289	0	0	
0	0.3353	4.35351	0	0	
0	0.670784	4.74725	0	0	
0	0.114312	4.83562	0	0	
0	0.536736	4.76075	0	0	
0	0.442659	4.95551	0	0	
0	0.141274	5.08765	0	0	
0	-0.095388	5.00556	0	0	
0	-0.420391	4.58655	0	0	
0	-0.459555	5.00053	0	0	
0	-0.503753	5.09088	0	0	
0	0.0232492	5.17346	0	0	
0	-0.554897	4.81833	0	0	
0	-0.387141	5.4816	0	0	
0	-0.590085	5.46668	0	0	
0	-0.477053	5.61713	0	0	
0	-0.737741	5.04902	0	0	
0	-0.330427	5.02489	0	0	
0	-0.140612	4.98831	0	0	
0	-0.425767	5.06919	0	0	
0	0.30135	6.07015	0	0	
0	-0.0884985	6.45913	0	0	
0	-0.74346	5.9588	0	0	
0	-0.932625	6.93051	0	0	
0	-1.13951	6.74806	0	0	
0	-1.04652	6.4769	0	0	
0	-0.744681	5.88094	0	0	
0	-1.34345	5.80197	0	0	
0	-2.06416	5.55968	0	0	
0	-2.79183	6.25536	0	0	
0	-2.53882	6.2485	0	0	
0	-1.76292	6.62805	0	0	
0	-2.71199	6.20248	0	0	
0	-2.81541	6.6189	0	0	
0	-2.72048	5.95874	0	0	
0	-2.45305	5.75336	0	0	
0	-2.24463	5.82352	0	0	
0	-2.50532	6.01538	0	0	
0	-2.66494	6.41338	0	0	
0	-2.31511	6.10392	0	0	
0	-2.05145	5.95959	0	0	
0	-2.06572	5.88333	0	0	
0	-2.63691	6.05022	0	0	
0	-2.74839	6.59019	0	0	
0	-2.50685	6.9373	0	0	
0	-3.3846	7.13035	0	0	
0	-3.19128	7.16157	0	0	
0	-2.81273	7.0711	0	0	
0	-3.03888	6.8895	0	0	
0	-1.86842	7.74448	0	0	
0	-1.6507	7.98795	0	0	
0	-1.76726	7.71184	0	0	
0	-1.6126	8.24585	0	0	
0	-0.46409	7.65348	0	0	
0	-0.447199	7.71641	0	0	
0	-0.801669	7.8245	0	0	
0	-0.901888	7.85212	0	0	
0	-1.87708	7.48779	0	0	
0	-1.78012	6.81313	0	0	
0	-2.59754	7.24725	0	0	
0	-3.19509	7.93281	0	0	
0	-3.41526	8.55348	0	0	
0	-4.0689	9.49172	0	0	
0	-3.52335	9.62516	0	0	
0	-3.46896	10.2053	0	0	
0	-3.47203	10.7563	0	0	
0	-3.48285	10.3225	0	0	
0	-3.57668	10.3716	0	0	
0	-3.54798	9.76621	0	0	
0	-3.84195	9.7086	0	0	
0	-3.67132	10.7835	0	0	
0	-3.28936	11.704	0	0	
0	-3.32374	11.7624	0	0	
0	-3.97696	12.3255	0	0	
0	-4.37509	12.295	0	0	
0	-3.91863	12.905	0	0	
0	-4.34332	12.5287	0	0	
0	-4.63649	12.6468	0	0	
0	-4.44472	12.9758	0	0	
0	-3.77359	12.4407	0	0	
0	-4.26661	12.4798	0	0	
0	-4.21173	11.3108	0	0	
0	-4.61037	11.9043	0	0	
0	-4.05241	12.1042	0	0	
0	-4.2818	11.9572	0	0	
0	-4.19294	12.4852	0	0	
0	-4.28849	12.9255	0	0	
0	-4.63488	12.5282	0	0	
0	-4.49775	11.9341	0	0	
0	-4.78669	11.2007	0	0	
0	-5.14352	10.8347	0	0	
0	-5.48398	11.1628	0	0	
0	-6.22273	11.1934	0	0	
0	-6.51043	11.9515	0	0	
0	-6.10537	12.4063	0	0	
0	-6.0318	12.5837	0	0	
0	-5.97057	12.8852	0	0	
0	-6.01051	12.6732	0	0	
0	-6.3322	11.6151	0	0	
0	-6.28611	11.8241	0	0	
0	-5.877	11.1214	0	0	
0	-5.48889	10.8276	0	0	
0	-5.01455	11.0032	0	0	
0	-6.36236	11.0486	0	0	
0	-6.79155	10.6677	0	0	
0	-6.1291	10.5128	0	0	
0	-6.46115	10.7051	0	0	
0	-6.36277	11.3222	0	0	
0	-6.2549	11.564	0	0	
0	-6.1554	11.2552	0	0	
0	-5.34543	11.6816	0	0	
0	-5.06519	12.1125	0	0	
0	-4.55598	12.1592	0	0	
0	-4.79579	11.7149	0	0	
0	-4.73556	11.3747	0	0	
0	-4.64444	12.4405	0	0	
0	-4.80533	13.3859	0	0	
0	-4.98816	13.5477	0	0	
0	-4.45648	13.3028	0	0	
0	-4.44314	13.4636	0	0	
0	-4.23034	13.1738	0	0	
0	-4.37858	13.1913	0	0	
0	-4.20743	13.3478	0	0	
0	-3.91987	12.8527	0	0	
0	-4.11661	12.5538	0	0	
0	-3.81244	13.2339	0	0	
0	-3.87685	12.1522	0	0	
0	-3.8297	12.4457	0	0	
0	-4.04973	12.7531	0	0	
0	-4.26597	12.6139	0	0	
0	-5.05583	12.8749	0	0	
0	-5.30959	12.1738	0	0	
0	-5.90017	12.6344	0	0	
0	-4.92665	12.5883	0	0	
0	-5.21664	12.0261	0	0	
0	-4.55341	11.7811	0	0	
0	-3.29206	11.6614	0	0	
0	-2.79076	12.0681	0	0	
0	-2.53732	12.1421	0	0	
0	-2.90287	12.3953	0	0	
0	-2.81969	11.971	0	0	
0	-3.40192	11.4715	0	0	
0	-3.17007	11.4072	0	0	
0	-3.32765	12.1472	0	0	
0	-3.02139	11.6741	0	0	
0	-3.25562	11.917	0	0	
0	-3.5818	11.8772	0	0	
0	-4.03822	12.3086	0	0	
0	-4.98832	12.3491	0	0	
0	-5.50346	12.9761	0	0	
0	-5.29829	13.3317	0	0	
0	-5.19099	12.5875	0	0	
0	-5.01949	12.2244	0	0	
0	-5.67977	12.0093	0	0	
0	-5.16432	12.3503	0	0	
0	-5.41139	12.5195	0	0	
0	-5.06398	12.6022	0	0	
0	-5.3057	13.4385	0	0	
0	-5.78124	13.0529	0	0	
0	-5.03438	13.5243	0	0	
0	-4.27195	13.8208	0	0	
0	-4.37044	14.5246	0	0	
0	-3.54515	14.9329	0	0	
0	-2.85994	14.4682	0	0	
0	-3.33378	14.5624	0	0	
0	-3.55669	15.0329	0	0	
0	-3.60875	14.6387	0	0	
0	-4.93062	14.3399	0	0	
0	-5.51826	13.523	0	0	
0	-6.00441	14.3416	0	0	
0	-5.33232	15.311	0	0	
0	-6.1661	15.7236	0	0	
0	-6.60454	15.3104	0	0	
0	-6.32338	15.0722	0	0	
0	-5.58421	15.1443	0	0	
0	-5.11643	15.561	0	0	
0	-5.50122	15.5459	0	0	
0	-6.20528	15.2044	0	0	
0	-6.79048	15.3306	0	0	
0	-6.5543	15.7891	0	0	
0	-6.56096	15.3136	0	0	
0	-6.07791	16.0118	0	0	
0	-5.29418	16.5357	0	0	
0	-5.35235	17.1142	0	0	
0	-4.95433	16.9836	0	0	
0	-5.48378	16.7555	0	0	
0	-4.87714	17.071	0	0	
0	-4.7758	16.9743	0	0	
0	-5.34009	16.7442	0	0	
0	-5.13581	16.7098	0	0	
0	-5.16188	17.0488	0	0	
0	-5.81402	17.1565	0	0	
0	-5.63618	16.7344	0	0	
0	-5.34457	16.5762	0	0	
0	-6.19607	16.6946	0	0	
0	-6.11641	17.2747	0	0	
0	-5.98052	17.3408	0	0	
0	-5.5467	16.5894	0	0	
0	-6.3829	16.414	0	0	
0	-7.06648	16.7458	0	0	
0	-6.5736	15.9309	0	0	
0	-5.83104	16.1169	0	0	
0	-6.58452	16.3437	0	0	
0	-6.18721	16.6484	0	0	
0	-5.56569	16.4484	0	0	
0	-5.25972	16.4677	0	0	
0	-5.14882	16.2138	0	0	
0	-5.32242	15.8067	0	0	
0	-5.1002	14.8437	0	0	
0	-4.45186	15.2318	0	0	
0	-4.54051	15.7483	0	0	
0	-3.52942	16.277	0	0	
0	-4.0753	16.1759	0	0	
0	-3.4274	16.1259	0	0	
0	-4.08615	16.4111	0	0	
0	-3.25948	16.9195	0	0	
0	-3.63277	16.9299	0	0	
0	-3.86134	17.4487	0	0	
0	-3.80895	16.959	0	0	
0	-4.22901	17.1133	0	0	
0	-4.06686	17.7217	0	0	
0	-3.54816	17.3772	0	0	
0	-2.8328	16.8689	0	0	
0	-1.94107	16.9776	0	0	
0	-1.3696	17.2976	0	0	
0	-0.823509	16.6924	0	0	
0	-1.8728	17.0754	0	0	
0	-0.88229	17.6412	0	0	
0	-0.756306	17.1529	0	0	
0	-0.863576	17.2024	0	0	
0	-1.55253	16.9523	0	0	
0	-2.45896	16.8152	0	0	
0	-2.70004	16.3626	0	0	
0	-2.3827	16.4435	0	0	
0	-2.60649	15.8802	0	0	
0	-3.06365	15.7188	0	0	
0	-3.30381	15.5019	0	0	
0	-2.83905	15.7852	0	0	
0	-2.56222	15.7836	0	0	
0	-2.62285	15.7149	0	0	
0	-2.18651	15.5952	0	0	
0	-1.90984	16.7325	0	0	
0	-1.75335	17.4861	0	0	
0	-1.40197	18.0401	0	0	
0	-1.27054	18.922	0	0	
0	-2.02198	19.1238	0	0	
0	-1.47949	18.6116	0	0	
0	-1.68529	18.5212	0	0	
0	-1.62242	18.6973	0	0	
0	-1.26448	18.9649	0	0	
0	-1.25506	19.3858	0	0	
0	-1.11312	19.9393	0	0	
0	-1.93817	20.1554	0	0	
0	-1.59042	19.6615	0	0	
0	-2.467	19.4216	0	0	
0	-3.0635	19.5921	0	0	
0	-2.68915	18.7182	0	0	
0	-2.44931	18.789	0	0	
0	-2.41298	18.7582	0	0	
0	-3.09437	19.2685	0	0	
0	-3.57771	19.1387	0	0	
0	-3.94756	19.7518	0	0	
0	-3.82653	19.3027	0	0	
0	-3.64205	19.8488	0	0	
0	-3.4926	20.076	0	0	
0	-3.66083	20.3218	0	0	
0	-3.61154	19.8822	0	0	
0	-3.88167	20.151	0	0	
0	-3.83207	19.8553	0	0	
0	-4.56145	20.3204	0	0	
0	-3.85306	20.2759	0	0	
0	-3.32528	21.2266	0	0	
0	-3.30004	22.2125	0	0	
0	-4.10674	22.1329	0	0	
0	-4.53724	22.6747	0	0	
0	-4.33918	22.7416	0	0	
0	-5.21121	22.7058	0	0	
0	-4.50988	22.9825	0	0	
0	-4.16909	23.3929	0	0	
0	-4.25733	22.7986	0	0	
0	-4.64786	22.7541	0	0	
0	-3.53947	22.9892	0	0	
0	-3.37349	22.6001	0	0	
0	-3.75734	22.6878	0	0	
0	-3.96204	21.8609	0	0	
0	-3.51361	21.2046	0	0	
0	-2.77835	20.9219	0	0	
0	-2.51971	21.1897	0	0	
0	-1.9858	21.0695	0	0	
0	-1.25122	21.0879	0	0	
0	-1.82241	21.2548	0	0	
0	-1.78749	21.0549	0	0	
0	-1.9901	21.2529	0	0	
0	-1.72905	22.1862	0	0	
0	-1.85569	22.5224	0	0	
0	-2.03408	22.6372	0	0	
0	-1.63801	22.3802	0	0	
0	-1.88699	22.0683	0	0	
0	-1.74949	22.6043	0	0	
0	-2.11093	21.9114	0	0	
0	-2.11844	21.7815	0	0	
0	-2.12987	21.7563	0	0	
0	-1.84462	21.4018	0	0	
0	-2.13791	20.425	0	0	
0	-1.89456	20.1702	0	0	
0	-2.32048	19.8347	0	0	
0	-2.45272	20.3156	0	0	
0	-2.70249	19.6715	0	0	
0	-2.78189	19.2786	0	0	
0	-2.6014	18.7446	0	0	
0	-2.94024	18.8865	0	0	
0	-3.66184	19.4059	0	0	
0	-3.18484	19.6603	0	0	
0	-2.71203	19.4378	0	0	
0	-3.35938	19.5739	0	0	
0	-4.34442	19.7908	0	0	
0	-3.78158	20.1653	0	0	
0	-3.63955	19.7307	0	0	
0	-3.13056	19.6176	0	0	
0	-2.93687	19.7822	0	0	
0	-2.37228	19.3938	0	0	
0	-2.5847	19.4406	0	0	
0	-2.70386	18.9331	0	0	
0	-2.63351	19.3029	0	0	
0	-3.19464	18.9441	0	0	
0	-2.97899	19.5944	0	0	
0	-2.40647	19.8092	0	0	
0	-1.67026	20.1386	0	0	
0	-1.36821	20.4913	0	0	
0	-2.3859	20.0301	0	0	
0	-1.91151	19.3419	0	0	
0	-1.7134	19.3992	0	0	
0	-1.96064	19.7632	0	0	
0	-1.23944	20.0854	0	0	
0	-1.38528	20.3091	0	0	
0	-1.24179	20.5333	0	0	
0	-1.54298	19.4871	0	0	
0	-1.74059	19.6785	0	0	
0	-2.02466	19.8916	0	0	
0	-1.69897	20.1938	0	0	
0	-1.77858	20.0476	0	0	
0	-1.73013	20.5419	0	0	
0	-1.39499	20.3291	0	0	
0	-1.64893	21.0678	0	0	
0	-1.49669	21.0155	0	0	
0	-1.14543	20.7169	0	0	
0	-1.5247	20.7803	0	0	
0	-0.99924	20.7609	0	0	
0	-1.06085	20.4567	0	0	
0	-0.545441	20.6795	0	0	
0	-0.471934	20.1146	0	0	
0	-0.49078	20.1424	0	0	
0	-0.987765	20.4194	0	0	
0	-0.690902	21.618	0	0	
0	-0.76574	21.592	0	0	
0	-0.678167	21.104	0	0	
0	-0.554971	21.3926	0	0	
0	-0.957446	21.8106	0	0	
0	-1.32415	22.2271	0	0	
0	-0.475169	22.5695	0	0	
0	-1.76547	21.5364	0	0	
0	-1.27964	21.4261	0	0	
0	-1.76371	20.9309	0	0	
0	-1.72444	20.3709	0	0	
0	-1.64675	20.1555	0	0	
0	-1.35147	20.0881	0	0	
0	-1.03146	19.7457	0	0	
0	-1.01148	20.5323	0	0	
0	-0.611595	20.047	0	0	
0	-0.412711	19.6799	0	0	
0	-0.401677	19.6084	0	0	
0	0.116538	20.1932	0	0	
0	-0.0732651	20.2668	0	0	
0	0.406943	20.4396	0	0	
0	-0.117256	20.2538	0	0	
0	-0.410248	20.6912	0	0	
0	-0.422155	20.5894	0	0	
0	-0.65484	21.5097	0	0	
0	-1.00435	21.3132	0	0	
0	-0.67558	21.1311	0	0	
0	-0.444381	21.3196	0	0	
0	-0.316712	22.5598	0	0	
0	-0.909658	22.3543	0	0	
0	-1.5512	22.1221	0	0	
0	-0.631863	21.6912	0	0	
0	0.0844538	21.9194	0	0	
0	-0.0853188	21.7411	0	0	
0	-0.936824	21.3646	0	0	
0	-0.459613	20.911	0	0	
0	0.646474	21.0245	0	0	
0	0.337362	20.7901	0	0	
0	0.423428	20.4937	0	0	
0	0.568424	20.3796	0	0	
0	1.20554	20.9463	0	0	
0	0.730139	20.7423	0	0	
0	0.550415	20.4303	0	0	
0	0.618801	21.2009	0	0	
0	0.933865	21.5931	0	0	
0	1.44609	21.7034	0	0	
0	0.591327	21.7132	0	0	
0	0.385206	22.0019	0	0	
0	1.00757	23.5938	0	0	
0	0.600516	23.6447	0	0	
0	-0.283766	24.5185	0	0	
0	-0.280932	25.3693	0	0	
0	-0.595343	25.9917	0	0	
0	-0.491528	26.2365	0	0	
0	-0.634235	27.0051	0	0	
0	-0.619559	27.3203	0	0	
0	-1.29468	27.0906	0	0	
0	-0.885409	27.7681	0	0	
0	-0.719591	27.8065	0	0	
0	-0.407505	28.287	0	0	
0	0.173227	28.0075	0	0	
0	0.302446	27.6939	0	0	
0	0.067541	28.1416	0	0	
0	0.0448063	28.51	0	0	
0	-0.311064	28.8845	0	0	
0	-0.328708	28.7362	0	0	
0	-0.693029	28.6446	0	0	
0	-0.620986	28.4948	0	0	
0	-0.714194	27.4116	0	0	
0	-1.25141	28.1428	0	0	
0	-1.57521	27.8061	0	0	
0	-1.93573	27.782	0	0	
0	-1.69867	26.9286	0	0	
0	-2.46423	27.6136	0	0	
0	-2.86801	28.0314	0	0	
0	-2.98539	27.6621	0	0	
0	-3.72371	27.8808	0	0	
0	-4.1106	27.352	0	0	
0	-3.98842	27.4438	0	0	
0	-3.57853	27.2796	0	0	
0	-3.51724	27.9169	0	0	
0	-3.39898	27.6683	0	0	
0	-3.81286	27.5585	0	0	
0	-3.90658	27.4581	0	0	
0	-3.71029	28.3873	0	0	
0	-3.42648	28.4209	0	0	
0	-3.07797	28.3561	0	0	
0	-3.31229	27.4225	0	0	
0	-3.15506	27.2714	0	0	
0	-2.98449	27.5897	0	0	
0	-3.00907	27.0593	0	0	
0	-2.86047	27.698	0	0	
0	-2.54154	26.8636	0	0	
0	-2.71308	26.2068	0	0	
0	-3.10435	25.3518	0	0	
0	-2.6512	25.4453	0	0	
0	-2.01607	25.4854	0	0	
0	-2.70076	25.4498	0	0	
0	-1.82348	25.474	0	0	
0	-2.16303	25.0485	0	0	
0	-1.5772	24.5612	0	0	
0	-1.01993	24.6123	0	0	
0	-1.14331	24.8106	0	0	
0	-0.837883	24.3013	0	0	
0	-1.41952	25.066	0	0	
0	-0.615333	25.867	0	0	
0	-0.543695	26.0031	0	0	
0	-0.507043	26.2855	0	0	
0	-1.32432	26.1187	0	0	
0	-1.59878	26.3939	0	0	
0	-1.61539	25.3621	0	0	
0	-2.41296	25.0581	0	0	
0	-3.00821	25.1671	0	0	
0	-2.74832	25.1712	0	0	
0	-2.90608	25.3075	0	0	
0	-2.42861	25.552	0	0	
0	-1.27817	25.2064	0	0	
0	-1.4386	25.7473	0	0	
0	-1.10589	25.812	0	0	
0	-1.25465	25.4911	0	0	
0	-0.833319	25.5898	0	0	
0	-0.246107	25.4166	0	0	
0	-0.201833	24.7915	0	0	
0	-0.381144	23.8383	0	0	
0	-0.313473	24.2203	0	0	
0	-0.0999028	24.0777	0	0	
0	-0.436052	23.7639	0	0	
0	-0.68415	23.6497	0	0	
0	-0.508805	23.6425	0	0	
0	-1.18879	23.8166	0	0	
0	-1.39021	24.1146	0	0	
0	-2.31098	24.3766	0	0	
0	-2.86035	25.1604	0	0	
0	-2.81738	25.0608	0	0	
0	-3.45781	25.628	0	0	
0	-3.77237	25.0842	0	0	
0	-3.75182	24.3048	0	0	
0	-4.25173	24.7374	0	0	
0	-4.29983	24.6616	0	0	
0	-4.39781	24.3037	0	0	
0	-3.75334	24.6152	0	0	
0	-3.52623	25.0285	0	0	
0	-4.50565	25.6019	0	0	
0	-5.24166	25.9519	0	0	
0	-5.64717	25.8734	0	0	
0	-5.44266	26.317	0	0	
0	-5.614	26.1323	0	0	
0	-5.64207	25.6055	0	0	
0	-5.31446	25.5298	0	0	
0	-5.66888	25.6868	0	0	
0	-5.53143	26.0654	0	0	
0	-4.72842	25.1422	0	0	
0	-5.10755	25.5911	0	0	
0	-5.26346	25.7063	0	0	
0	-6.43848	25.3185	0	0	
0	-7.32487	26.6202	0	0	
0	-7.79942	27.1594	0	0	
0	-8.09883	27.1655	0	0	
0	-8.59238	26.9836	0	0	
0	-8.4138	26.3958	0	0	
0	-8.25067	26.9644	0	0	
0	-8.63883	27.0395	0	0	
0	-8.61441	26.5853	0	0	
0	-8.36729	25.8264	0	0	
0	-7.79922	25.4914	0	0	
0	-7.25117	25.779	0	0	
0	-5.78442	25.9824	0	0	
0	-6.2177	26.1895	0	0	
0	-5.78163	25.5242	0	0	
0	-6.50903	26.1479	0	0	
0	-6.44301	25.9427	0	0	
0	-5.80219	26.7279	0	0	
0	-6.57695	26.483	0	0	
0	-6.40743	26.806	0	0	
0	-6.26364	26.6345	0	0	
0	-7.20209	26.2858	0	0	
0	-7.4484	27.006	0	0	
0	-6.75567	27.6218	0	0	
0	-6.77941	27.8241	0	0	
0	-6.86241	27.2078	0	0	
0	-6.64028	26.6878	0	0	
0	-6.89578	27.3895	0	0	
0	-6.60294	28.1555	0	0	
0	-6.09538	29.2054	0	0	
0	-5.89276	29.4495	0	0	
0	-6.1264	29.8215	0	0	
0	-5.14538	29.0784	0	0	
0	-5.20885	28.8337	0	0	
0	-5.08152	28.7085	0	0	
0	-4.65455	28.8927	0	0	
0	-4.74418	28.5161	0	0	
0	-4.17129	28.3212	0	0	
0	-4.11113	27.8899	0	0	
0	-3.5486	28.1433	0	0	
0	-3.82804	27.9941	0	0	
0	-3.56605	28.7588	0	0	
0	-4.25634	28.9482	0	0	
0	-3.35898	28.7432	0	0	
0	-3.32297	28.6131	0	0	
0	-3.41896	28.6691	0	0	
0	-3.94416	28.9776	0	0	
0	-4.58246	29.7185	0	0	
0	-5.09163	30.5492	0	0	
0	-4.79153	30.5175	0	0	
0	-4.26465	30.5772	0	0	
0	-3.50207	30.7797	0	0	
0	-3.16074	30.7004	0	0	
0	-2.86333	30.7989	0	0	
0	-3.91955	30.955	0	0	
0	-3.70572	31.2493	0	0	
0	-3.96357	31.2092	0	0	
0	-3.73194	31.7931	0	0	
0	-3.88469	30.8147	0	0	
0	-4.64381	31.2897	0	0	
0	-5.36328	31.4505	0	0	
0	-5.67191	31.9029	0	0	
0	-5.79758	31.3259	0	0	
0	-6.21054	31.0216	0	0	
0	-5.55532	30.3622	0	0	
0	-5.49347	30.7389	0	0	
0	-5.45871	30.5456	0	0	
0	-4.9444	30.8974	0	0	
0	-4.79114	31.4839	0	0	
0	-4.76944	30.8311	0	0	
0	-5.47943	30.5754	0	0	
0	-5.33735	30.3486	0	0	
0	-4.65639	30.4059	0	0	
0	-4.47405	30.2605	0	0	
0	-4.49912	30.081	0	0	
0	-5.53828	29.7281	0	0	
0	-5.23536	30.3005	0	0	
0	-4.86164	30.2023	0	0	
0	-5.63021	30.6809	0	0	
0	-6.55416	30.6821	0	0	
0	-6.64467	30.4543	0	0	
0	-8.08258	30.3858	0	0	
0	-7.73469	30.7914	0	0	
0	-7.63232	31.8093	0	0	
0	-6.82311	31.6604	0	0	
0	-6.96319	31.828	0	0	
0	-7.38495	31.1673	0	0	
0	-7.76744	30.5616	0	0	
0	-7.25855	31.0959	0	0	
0	-7.19855	31.1943	0	0	
0	-7.555	30.7706	0	0	
0	-7.26645	30.5113	0	0	
0	-6.622	30.9248	0	0	
0	-6.10313	30.8519	0	0	
0	-6.33417	30.5168	0	0	
0	-5.96289	30.5541	0	0	
0	-6.60816	30.5634	0	0	
0	-6.5276	30.7945	0	0	
0	-6.34489	30.7318	0	0	
0	-6.99806	30.7434	0	0	
0	-7.37549	31.2904	0	0	
0	-7.80835	30.7496	0	0	
0	-7.07735	30.2093	0	0	
0	-6.48816	29.652	0	0	
0	-6.76393	29.4084	0	0	
0	-6.91358	29.6286	0	0	
0	-7.18998	30.4439	0	0	
0	-7.19853	29.6519	0	0	
0	-7.60786	30.3246	0	0	
0	-7.44596	30.0939	0	0	
0	-7.64015	29.8232	0	0	
0	-7.14253	29.7794	0	0	
0	-6.9182	29.5706	0	0	
0	-6.96995	29.5976	0	0	
0	-7.00289	30.393	0	0	
0	-6.74855	30.1484	0	0	
0	-7.18536	29.584	0	0	
0	-6.223	29.6842	0	0	
0	-5.07109	29.377	0	0	
0	-4.85127	29.8774	0	0	
0	-4.55216	29.7918	0	0	
0	-4.36497	29.615	0	0	
0	-4.25522	30.2306	0	0	
0	-3.87141	31.0567	0	0	
0	-3.44171	31.0537	0	0	
0	-3.464	31.3039	0	0	
0	-4.52046	31.213	0	0	
0	-4.3894	31.0802	0	0	
0	-3.86654	31.3848	0	0	
0	-3.70328	32.4771	0	0	
0	-3.23255	32.6165	0	0	
0	-3.53875	33.0304	0	0	
0	-3.86677	32.9027	0	0	
0	-4.4555	32.6293	0	0	
0	-4.84006	32.9028	0	0	
0	-4.85307	33.2641	0	0	
0	-5.27229	32.2233	0	0	
0	-6.40022	32.405	0	0	
0	-6.47848	32.4609	0	0	
0	-6.43256	32.4491	0	0	
0	-6.12552	31.8296	0	0	
0	-5.70626	32.2595	0	0	
0	-5.11302	32.1625	0	0	
0	-5.50988	32.6503	0	0	
0	-5.61793	31.5917	0	0	
0	-6.42913	31.3755	0	0	
0	-6.31877	32.3142	0	0	
0	-7.11963	33.0441	0	0	
0	-7.5271	32.3589	0	0	
0	-7.07007	31.5356	0	0	
0	-7.69688	31.9814	0	0	
0	-8.03675	32.2663	0	0	
0	-7.86044	31.6008	0	0	
0	-7.45413	31.3614	0	0	
0	-7.34492	31.2016	0	0	
0	-7.7785	31.372	0	0	
0	-7.66605	31.5561	0	0	
0	-7.38757	31.1527	0	0	
0	-7.14486	31.549	0	0	
0	-7.57327	30.4987	0	0	
0	-7.05854	30.3018	0	0	
0	-6.81883	30.1844	0	0	
0	-6.58057	29.9156	0	0	
0	-6.41151	30.4066	0	0	
0	-6.02995	30.18	0	0	
0	-7.26732	29.9348	0	0	
0	-5.66587	30.2784	0	0	
0	-5.14774	30.1653	0	0	
0	-5.14295	29.3151	0	0	
0	-5.11819	29.0881	0	0	
0	-4.94302	29.206	0	0	
0	-4.71588	29.4081	0	0	
0	-5.22689	29.2892	0	0	
0	-4.99807	29.0993	0	0	
0	-5.15913	28.6543	0	0	
0	-5.34406	29.0303	0	0	
0	-4.95046	30.1943	0	0	
0	-4.96155	29.508	0	0	
0	-4.94104	30.1363	0	0	
0	-5.47093	29.4887	0	0	
0	-4.72292	29.5584	0	0	
0	-5.36886	30.1987	0	0	
0	-5.88422	30.5451	0	0	
0	-5.80436	30.9867	0	0	
0	-6.29899	31.233	0	0	
0	-6.79912	32.1995	0	0	
0	-7.38584	32.4978	0	0	
0	-7.37192	32.979	0	0	
0	-7.07607	33.2613	0	0	
0	-8.30739	33.1482	0	0	
0	-7.54655	33.094	0	0	
0	-7.47452	33.3946	0	0	
0	-7.65427	32.4814	0	0	
0	-7.48174	31.8516	0	0	
0	-7.25898	31.6712	0	0	
0	-7.12899	31.9458	0	0	
0	-6.92271	32.23	0	0	
0	-6.759	32.6182	0	0	
0	-6.53819	32.293	0	0	
0	-6.11398	32.3043	0	0	
0	-5.42376	32.5317	0	0	
