1	0.575000000000003	-21.2749999999999	-20.3293199591074	0.537667139546100	0
2	-1.72500000000000	-18.9749999999999	-20.3293199591074	1.83388501459509	0
3	0.575000000000003	-18.9749999999999	-20.3293199591074	-2.25884686100365	0
4	-1.72500000000000	-16.6749999999999	-20.3293199591074	0.862173320368121	0
5	0.575000000000003	-16.6749999999999	-20.3293199591074	0.318765239858981	0
6	0.575000000000003	-14.3749999999999	-20.3293199591074	-1.30768829630527	0
7	-0.575000000000003	-27.0249999999999	-18.7029743623783	-0.433592022305684	0
8	-0.575000000000003	-24.7249999999999	-18.7029743623783	0.342624466538650	0
9	1.72500000000000	-24.7249999999999	-18.7029743623783	3.57839693972576	0
10	-0.575000000000003	-22.4249999999999	-18.7029743623783	2.76943702988488	0
11	1.72500000000000	-22.4249999999999	-18.7029743623783	-1.34988694015652	0
12	-2.87500000000000	-20.1249999999999	-18.7029743623783	3.03492346633185	0
13	-0.575000000000003	-20.1249999999999	-18.7029743623783	0.725404224946106	0
14	1.72500000000000	-20.1249999999999	-18.7029743623783	-0.0630548731896562	0
15	-2.87500000000000	-17.8249999999999	-18.7029743623783	0.714742903826096	0
16	-0.575000000000003	-17.8249999999999	-18.7029743623783	-0.204966058299775	0
17	1.72500000000000	-17.8249999999999	-18.7029743623783	-0.124144348216312	0
18	-0.575000000000003	-15.5249999999999	-18.7029743623783	1.48969760778547	0
19	1.72500000000000	-15.5249999999999	-18.7029743623783	1.40903448980048	0
20	-0.575000000000003	-13.2249999999999	-18.7029743623783	1.41719241342961	0
21	1.72500000000000	-13.2249999999999	-18.7029743623783	0.671497133608081	0
22	-0.575000000000003	-10.9249999999999	-18.7029743623783	-1.20748692268504	0
23	1.72500000000000	-10.9249999999999	-18.7029743623783	0.717238651328839	0
24	-0.575000000000003	-8.62499999999994	-18.7029743623783	1.63023528916473	0
25	-1.72500000000000	-28.1749999999999	-17.0766287656493	0.488893770311789	0
26	0.575000000000003	-28.1749999999999	-17.0766287656493	1.03469300991786	0
27	-1.72500000000000	-25.8749999999999	-17.0766287656493	0.726885133383238	0
28	0.575000000000003	-25.8749999999999	-17.0766287656493	-0.303440924786016	0
29	2.87500000000000	-25.8749999999999	-17.0766287656493	0.293871467096658	0
30	-1.72500000000000	-23.5749999999999	-17.0766287656493	-0.787282803758638	0
31	0.575000000000003	-23.5749999999999	-17.0766287656493	0.888395631757642	0
32	2.87500000000000	-23.5749999999999	-17.0766287656493	-1.14707010696915	0
33	-1.72500000000000	-21.2749999999999	-17.0766287656493	-1.06887045816803	0
34	0.575000000000003	-21.2749999999999	-17.0766287656493	-0.809498694424876	0
35	2.87500000000000	-21.2749999999999	-17.0766287656493	-2.94428416199490	0
36	-1.72500000000000	-18.9749999999999	-17.0766287656493	1.43838029281510	0
37	0.575000000000003	-18.9749999999999	-17.0766287656493	0.325190539456198	0
38	-1.72500000000000	-16.6749999999999	-17.0766287656493	-0.754928319169703	0
39	0.575000000000003	-16.6749999999999	-17.0766287656493	1.37029854009523	0
40	-1.72500000000000	-14.3749999999999	-17.0766287656493	-1.71151641885370	0
41	0.575000000000003	-14.3749999999999	-17.0766287656493	-0.102242446085491	0
42	2.87500000000000	-14.3749999999999	-17.0766287656493	-0.241447041607358	0
43	-1.72500000000000	-12.0749999999999	-17.0766287656493	0.319206739165502	0
44	0.575000000000003	-12.0749999999999	-17.0766287656493	0.312858596637428	0
45	2.87500000000000	-12.0749999999999	-17.0766287656493	-0.864879917324457	0
46	-1.72500000000000	-9.77499999999994	-17.0766287656493	-0.0300512961962686	0
47	0.575000000000003	-9.77499999999994	-17.0766287656493	-0.164879019209038	0
48	-1.72500000000000	-7.47499999999994	-17.0766287656493	0.627707287528727	0
49	0.575000000000003	-7.47499999999994	-17.0766287656493	1.09326566903948	0
50	-0.575000000000003	-31.6249999999999	-15.4502831689202	1.10927329761440	0
51	-0.575000000000003	-29.3249999999999	-15.4502831689202	-0.863652821988714	0
52	1.72500000000000	-29.3249999999999	-15.4502831689202	0.0773590911304249	0
53	-2.87500000000000	-27.0249999999999	-15.4502831689202	-1.21411704361541	0
54	-0.575000000000003	-27.0249999999999	-15.4502831689202	-1.11350074148676	0
55	1.72500000000000	-27.0249999999999	-15.4502831689202	-0.00684932810334806	0
56	-0.575000000000003	-24.7249999999999	-15.4502831689202	1.53263030828475	0
57	1.72500000000000	-24.7249999999999	-15.4502831689202	-0.769665913753682	0
58	-0.575000000000003	-22.4249999999999	-15.4502831689202	0.371378812760058	0
59	1.72500000000000	-22.4249999999999	-15.4502831689202	-0.225584402271252	0
60	-0.575000000000003	-20.1249999999999	-15.4502831689202	1.11735613881447	0
61	1.72500000000000	-20.1249999999999	-15.4502831689202	-1.08906429505224	0
62	-0.575000000000003	-17.8249999999999	-15.4502831689202	0.0325574641649735	0
63	-0.575000000000003	-15.5249999999999	-15.4502831689202	0.552527021112224	0
64	1.72500000000000	-15.5249999999999	-15.4502831689202	1.10061021788087	0
65	-0.575000000000003	-13.2249999999999	-15.4502831689202	1.54421189550395	0
66	1.72500000000000	-13.2249999999999	-15.4502831689202	0.0859311331754255	0
67	-0.575000000000003	-10.9249999999999	-15.4502831689202	-1.49159031063761	0
68	1.72500000000000	-10.9249999999999	-15.4502831689202	-0.742301837259857	0
69	-2.87500000000000	-8.62499999999994	-15.4502831689202	-1.06158173331999	0
70	-0.575000000000003	-8.62499999999994	-15.4502831689202	2.35045722400204	0
71	1.72500000000000	-8.62499999999994	-15.4502831689202	-0.615601881466894	0
72	-0.575000000000003	-6.32499999999994	-15.4502831689202	0.748076783703985	0
73	1.72500000000000	-6.32499999999994	-15.4502831689202	-0.192418510588264	0
74	-0.575000000000003	-4.02499999999994	-15.4502831689202	0.888610425420721	0
75	-1.72500000000000	-32.7749999999999	-13.8239375721911	-0.764849236567874	0
76	0.575000000000003	-32.7749999999999	-13.8239375721911	-1.40226896933876	0
77	-1.72500000000000	-30.4749999999999	-13.8239375721911	-1.42237592509150	0
78	0.575000000000003	-30.4749999999999	-13.8239375721911	0.488193909859941	0
79	2.87500000000000	-30.4749999999999	-13.8239375721911	-0.177375156618825	0
80	-1.72500000000000	-28.1749999999999	-13.8239375721911	-0.196053487807333	0
81	0.575000000000003	-28.1749999999999	-13.8239375721911	1.41931015064255	0
82	2.87500000000000	-28.1749999999999	-13.8239375721911	0.291584373984183	0
83	-1.72500000000000	-25.8749999999999	-13.8239375721911	0.197811053464361	0
84	0.575000000000003	-25.8749999999999	-13.8239375721911	1.58769908997406	0
85	-1.72500000000000	-9.77499999999994	-13.8239375721911	-0.804465956349547	0
86	0.575000000000003	-9.77499999999994	-13.8239375721911	0.696624415849607	0
87	-1.72500000000000	-7.47499999999994	-13.8239375721911	0.835088165072682	0
88	0.575000000000003	-7.47499999999994	-13.8239375721911	-0.243715140377952	0
89	2.87500000000000	-7.47499999999994	-13.8239375721911	0.215670086403744	0
90	-1.72500000000000	-5.17499999999994	-13.8239375721911	-1.16584393148205	0
91	0.575000000000003	-5.17499999999994	-13.8239375721911	-1.14795277889859	0
92	2.87500000000000	-5.17499999999994	-13.8239375721911	0.104874716016494	0
93	0.575000000000003	-2.87499999999994	-13.8239375721911	0.722254032225002	0
94	-0.575000000000003	-33.9249999999999	-12.1975919754621	2.58549125261624	0
95	1.72500000000000	-33.9249999999999	-12.1975919754621	-0.666890670701386	0
96	-2.87500000000000	-31.6249999999999	-12.1975919754621	0.187331024578940	0
97	-0.575000000000003	-31.6249999999999	-12.1975919754621	-0.0824944253709554	0
98	1.72500000000000	-31.6249999999999	-12.1975919754621	-1.93302291785099	0
99	-0.575000000000003	-29.3249999999999	-12.1975919754621	-0.438966153934773	0
100	1.72500000000000	-29.3249999999999	-12.1975919754621	-1.79467884145512	0
101	-0.575000000000003	-27.0249999999999	-12.1975919754621	0.840375529753905	0
102	-0.575000000000003	-8.62499999999994	-12.1975919754621	-0.888032082329010	0
103	-0.575000000000003	-6.32499999999994	-12.1975919754621	0.100092833139322	0
104	1.72500000000000	-6.32499999999994	-12.1975919754621	-0.544528929990548	0
105	-2.87500000000000	-4.02499999999994	-12.1975919754621	0.303520794649354	0
106	-0.575000000000003	-4.02499999999994	-12.1975919754621	-0.600326562133734	0
107	1.72500000000000	-4.02499999999994	-12.1975919754621	0.489965321173948	0
108	-0.575000000000003	-1.72499999999994	-12.1975919754621	0.739363123604474	0
109	1.72500000000000	-1.72499999999994	-12.1975919754621	1.71188778298155	0
110	-1.72500000000000	-35.0749999999999	-10.5712463787330	-0.194123535758265	0
111	0.575000000000003	-35.0749999999999	-10.5712463787330	-2.13835526943994	0
112	-1.72500000000000	-32.7749999999999	-10.5712463787330	-0.839588747336614	0
113	0.575000000000003	-32.7749999999999	-10.5712463787330	1.35459432800464	0
114	2.87500000000000	-32.7749999999999	-10.5712463787330	-1.07215528838425	0
115	-1.72500000000000	-30.4749999999999	-10.5712463787330	0.960953869740567	0
116	0.575000000000003	-30.4749999999999	-10.5712463787330	0.124049800003193	0
117	-1.72500000000000	-5.17499999999994	-10.5712463787330	1.43669662271894	0
118	0.575000000000003	-5.17499999999994	-10.5712463787330	-1.96089999936503	0
119	-1.72500000000000	-2.87499999999994	-10.5712463787330	-0.197698225974150	0
120	0.575000000000003	-2.87499999999994	-10.5712463787330	-1.20784548525980	0
121	2.87500000000000	-2.87499999999994	-10.5712463787330	2.90800803072936	0
122	-1.72500000000000	-0.574999999999939	-10.5712463787330	0.825218894228491	0
123	0.575000000000003	-0.574999999999939	-10.5712463787330	1.37897197791661	0
124	-0.575000000000003	-36.2249999999999	-8.94490078200397	-1.05818025798736	0
125	1.72500000000000	-36.2249999999999	-8.94490078200397	-0.468615581100624	0
126	-2.87500000000000	-33.9249999999999	-8.94490078200397	-0.272469409250188	0
127	-0.575000000000003	-33.9249999999999	-8.94490078200397	1.09842461788862	0
128	1.72500000000000	-33.9249999999999	-8.94490078200397	-0.277871932787639	0
129	-0.575000000000003	-31.6249999999999	-8.94490078200397	0.701541458163284	0
130	1.72500000000000	-31.6249999999999	-8.94490078200397	-2.05181629991115	0
131	-0.575000000000003	-4.02499999999994	-8.94490078200397	-0.353849997774433	0
132	1.72500000000000	-4.02499999999994	-8.94490078200397	-0.823586525156853	0
133	-2.87500000000000	-1.72499999999994	-8.94490078200397	-1.57705702279920	0
134	-0.575000000000003	-1.72499999999994	-8.94490078200397	0.507974650905946	0
135	1.72500000000000	-1.72499999999994	-8.94490078200397	0.281984063670556	0
136	-0.575000000000003	0.575000000000067	-8.94490078200397	0.0334798822444514	0
137	0.575000000000003	-37.3749999999999	-7.31855518527491	-1.33367794342811	0
138	-1.72500000000000	-35.0749999999999	-7.31855518527491	1.12749227834159	0
139	0.575000000000003	-35.0749999999999	-7.31855518527491	0.350179410603312	0
140	2.87500000000000	-35.0749999999999	-7.31855518527491	-0.299066030332982	0
141	-1.72500000000000	-32.7749999999999	-7.31855518527491	0.0228897927516298	0
142	0.575000000000003	-32.7749999999999	-7.31855518527491	-0.261995434966092	0
143	-1.72500000000000	-2.87499999999994	-7.31855518527491	-1.75021236844679	0
144	0.575000000000003	-2.87499999999994	-7.31855518527491	-0.285650971595330	0
145	-1.72500000000000	-0.574999999999939	-7.31855518527491	-0.831366511567624	0
146	0.575000000000003	-0.574999999999939	-7.31855518527491	-0.979206305167302	0
147	-0.575000000000003	-36.2249999999999	-5.69220958854585	-1.15640165566400	0
148	1.72500000000000	-36.2249999999999	-5.69220958854585	-0.533557109315987	0
149	-0.575000000000003	-33.9249999999999	-5.69220958854585	-2.00263573588306	0
150	1.72500000000000	-33.9249999999999	-5.69220958854585	0.964229422631628	0
151	-0.575000000000003	-4.02499999999994	-5.69220958854585	0.520060101455458	0
152	-2.87500000000000	-1.72499999999994	-5.69220958854585	-0.0200278516425381	0
153	-0.575000000000003	-1.72499999999994	-5.69220958854585	-0.0347710860284830	0
154	1.72500000000000	-1.72499999999994	-5.69220958854585	-0.798163584564142	0
155	-0.575000000000003	0.575000000000067	-5.69220958854585	1.01868528212858	0
156	1.72500000000000	0.575000000000067	-5.69220958854585	-0.133217479507735	0
157	-1.72500000000000	-37.3749999999999	-4.06586399181679	-0.714530163787158	0
158	0.575000000000003	-37.3749999999999	-4.06586399181679	1.35138576842666	0
159	-1.72500000000000	-35.0749999999999	-4.06586399181679	-0.224771056052584	0
160	0.575000000000003	-35.0749999999999	-4.06586399181679	-0.589029030720801	0
161	2.87500000000000	-35.0749999999999	-4.06586399181679	-0.293753597735416	0
162	0.575000000000003	-32.7749999999999	-4.06586399181679	-0.847926243637934	0
163	-1.72500000000000	-2.87499999999994	-4.06586399181679	-1.12012830124373	0
164	0.575000000000003	-2.87499999999994	-4.06586399181679	2.52599969211831	0
165	-1.72500000000000	-0.574999999999939	-4.06586399181679	1.65549759288735	0
166	0.575000000000003	-0.574999999999939	-4.06586399181679	0.307535159238252	0
167	2.87500000000000	-0.574999999999939	-4.06586399181679	-1.25711835935205	0
168	-1.72500000000000	1.72500000000007	-4.06586399181679	-0.865468030554804	0
169	0.575000000000003	1.72500000000007	-4.06586399181679	-0.176534114231451	0
170	-0.575000000000003	-38.5249999999999	-2.43951839508773	0.791416061628634	0
171	-2.87500000000000	-36.2249999999999	-2.43951839508773	-1.33200442131525	0
172	-0.575000000000003	-36.2249999999999	-2.43951839508773	-2.32986715580508	0
173	1.72500000000000	-36.2249999999999	-2.43951839508773	-1.44909729283874	0
174	-0.575000000000003	-33.9249999999999	-2.43951839508773	0.333510833065806	0
175	1.72500000000000	-33.9249999999999	-2.43951839508773	0.391353604432901	0
176	-7.47500000000000	-17.8249999999999	-2.43951839508773	0.451679418928238	0
177	-5.17500000000000	-17.8249999999999	-2.43951839508773	-0.130284653145721	0
178	-2.87500000000000	-17.8249999999999	-2.43951839508773	0.183689095861942	0
179	-0.575000000000003	-17.8249999999999	-2.43951839508773	-0.476153016619074	0
180	1.72500000000000	-17.8249999999999	-2.43951839508773	0.862021611556922	0
181	4.02500000000000	-17.8249999999999	-2.43951839508773	-1.36169447087075	0
182	6.32500000000000	-17.8249999999999	-2.43951839508773	0.455029556444334	0
183	-12.0750000000000	-15.5249999999999	-2.43951839508773	-0.848709379933659	0
184	-9.77500000000000	-15.5249999999999	-2.43951839508773	-0.334886938964048	0
185	-7.47500000000000	-15.5249999999999	-2.43951839508773	0.552783345944550	0
186	-5.17500000000000	-15.5249999999999	-2.43951839508773	1.03909065350496	0
187	6.32500000000000	-15.5249999999999	-2.43951839508773	-1.11763868326521	0
188	8.62500000000000	-15.5249999999999	-2.43951839508773	1.26065870912090	0
189	10.9250000000000	-15.5249999999999	-2.43951839508773	0.660143141046978	0
190	-14.3750000000000	-13.2249999999999	-2.43951839508773	-0.0678655535426873	0
191	-12.0750000000000	-13.2249999999999	-2.43951839508773	-0.195221197898754	0
192	-9.77500000000000	-13.2249999999999	-2.43951839508773	-0.217606350143192	0
193	10.9250000000000	-13.2249999999999	-2.43951839508773	-0.303107621351741	0
194	13.2250000000000	-13.2249999999999	-2.43951839508773	0.0230456244251053	0
195	-14.3750000000000	-10.9249999999999	-2.43951839508773	0.0512903558487747	0
196	-12.0750000000000	-10.9249999999999	-2.43951839508773	0.826062790211596	0
197	13.2250000000000	-10.9249999999999	-2.43951839508773	1.52697668673337	0
198	15.5250000000000	-10.9249999999999	-2.43951839508773	0.466914435684700	0
199	-16.6750000000000	-8.62499999999994	-2.43951839508773	-0.209713338388737	0
200	-14.3750000000000	-8.62499999999994	-2.43951839508773	0.625190357087626	0
201	15.5250000000000	-8.62499999999994	-2.43951839508773	0.183227263001437	0
202	-16.6750000000000	-6.32499999999994	-2.43951839508773	-1.02976754356662	0
203	15.5250000000000	-6.32499999999994	-2.43951839508773	0.949221831131023	0
204	17.8250000000000	-6.32499999999994	-2.43951839508773	0.307061919146703	0
205	-18.9750000000000	-4.02499999999994	-2.43951839508773	0.135174942099456	0
206	-16.6750000000000	-4.02499999999994	-2.43951839508773	0.515246335524849	0
207	17.8250000000000	-4.02499999999994	-2.43951839508773	0.261406324055383	0
208	-18.9750000000000	-1.72499999999994	-2.43951839508773	-0.941485770955434	0
209	-16.6750000000000	-1.72499999999994	-2.43951839508773	-0.162337672803828	0
210	-0.575000000000003	-1.72499999999994	-2.43951839508773	-0.146054634331526	0
211	1.72500000000000	-1.72499999999994	-2.43951839508773	-0.532011376808821	0
212	17.8250000000000	-1.72499999999994	-2.43951839508773	1.68210359466318	0
213	-18.9750000000000	0.575000000000067	-2.43951839508773	-0.875729346160017	0
214	-16.6750000000000	0.575000000000067	-2.43951839508773	-0.483815050110121	0
215	-2.87500000000000	0.575000000000067	-2.43951839508773	-0.712004549027423	0
216	-0.575000000000003	0.575000000000067	-2.43951839508773	-1.17421233145682	0
217	1.72500000000000	0.575000000000067	-2.43951839508773	-0.192239517539275	0
218	17.8250000000000	0.575000000000067	-2.43951839508773	-0.274070229932602	0
219	-18.9750000000000	2.87500000000006	-2.43951839508773	1.53007251442410	0
220	-16.6750000000000	2.87500000000006	-2.43951839508773	-0.249024742513714	0
221	17.8250000000000	2.87500000000006	-2.43951839508773	-1.06421341288933	0
222	-18.9750000000000	5.17500000000006	-2.43951839508773	1.60345729812004	0
223	-16.6750000000000	5.17500000000006	-2.43951839508773	1.23467914689078	0
224	15.5250000000000	5.17500000000006	-2.43951839508773	-0.229626450963181	0
225	17.8250000000000	5.17500000000006	-2.43951839508773	-1.50615970397972	0
226	-16.6750000000000	7.47500000000007	-2.43951839508773	-0.444627816446985	0
227	15.5250000000000	7.47500000000007	-2.43951839508773	-0.155941035724769	0
228	17.8250000000000	7.47500000000007	-2.43951839508773	0.276068253931536	0
229	-16.6750000000000	9.77500000000006	-2.43951839508773	-0.261163645776479	0
230	-14.3750000000000	9.77500000000006	-2.43951839508773	0.443421912904091	0
231	13.2250000000000	9.77500000000006	-2.43951839508773	0.391894209432449	0
232	15.5250000000000	9.77500000000006	-2.43951839508773	-1.25067890682641	0
233	-14.3750000000000	12.0750000000001	-2.43951839508773	-0.947960922331432	0
234	-12.0750000000000	12.0750000000001	-2.43951839508773	-0.741106093940412	0
235	10.9250000000000	12.0750000000001	-2.43951839508773	-0.507817550278174	0
236	13.2250000000000	12.0750000000001	-2.43951839508773	-0.320575506600239	0
237	15.5250000000000	12.0750000000001	-2.43951839508773	0.0124690413616180	0
238	-12.0750000000000	14.3750000000001	-2.43951839508773	-3.02917734140415	0
239	-9.77500000000000	14.3750000000001	-2.43951839508773	-0.457014640871583	0
240	8.62500000000000	14.3750000000001	-2.43951839508773	1.24244840639074	0
241	10.9250000000000	14.3750000000001	-2.43951839508773	-1.06670139898475	0
242	13.2250000000000	14.3750000000001	-2.43951839508773	0.933728162671239	0
243	-9.77500000000000	16.6750000000001	-2.43951839508773	0.350321001356112	0
244	-7.47500000000000	16.6750000000001	-2.43951839508773	-0.0290057637087263	0
245	-5.17500000000000	16.6750000000001	-2.43951839508773	0.182452167505983	0
246	-2.87500000000000	16.6750000000001	-2.43951839508773	-1.56505601415073	0
247	-0.575000000000003	16.6750000000001	-2.43951839508773	-0.0845394798177242	0
248	1.72500000000000	16.6750000000001	-2.43951839508773	1.60394635060288	0
249	4.02500000000000	16.6750000000001	-2.43951839508773	0.0983477746401080	0
250	6.32500000000000	16.6750000000001	-2.43951839508773	0.0413736134896147	0
251	8.62500000000000	16.6750000000001	-2.43951839508773	-0.734169112696739	0
252	-5.17500000000000	18.9750000000001	-2.43951839508773	-0.0308137300123200	0
253	-2.87500000000000	18.9750000000001	-2.43951839508773	0.232347012624477	0
254	-0.575000000000003	18.9750000000001	-2.43951839508773	0.426387557408945	0
255	1.72500000000000	18.9750000000001	-2.43951839508773	-0.372808741723504	0
256	4.02500000000000	18.9750000000001	-2.43951839508773	-0.236454583757186	0
257	-1.72500000000000	-37.3749999999999	-0.813172798358671	2.02369088660305	0
258	0.575000000000003	-37.3749999999999	-0.813172798358671	-2.25835397049619	0
259	-1.72500000000000	-35.0749999999999	-0.813172798358671	2.22944568045690	0
260	0.575000000000003	-35.0749999999999	-0.813172798358671	0.337563700613106	0
261	-8.62500000000000	-18.9749999999999	-0.813172798358671	1.00006081958912	0
262	-6.32500000000000	-18.9749999999999	-0.813172798358671	-1.66416447498706	0
263	-4.02500000000000	-18.9749999999999	-0.813172798358671	-0.590034564205222	0
264	-1.72500000000000	-18.9749999999999	-0.813172798358671	-0.278064163765309	0
265	0.575000000000003	-18.9749999999999	-0.813172798358671	0.422715691220478	0
266	2.87500000000000	-18.9749999999999	-0.813172798358671	-1.67020069785047	0
267	5.17500000000000	-18.9749999999999	-0.813172798358671	0.471634326416303	0
268	7.47500000000000	-18.9749999999999	-0.813172798358671	-1.21284719967446	0
269	-10.9250000000000	-16.6749999999999	-0.813172798358671	0.0661900484246114	0
270	-8.62500000000000	-16.6749999999999	-0.813172798358671	0.652355888661374	0
271	-6.32500000000000	-16.6749999999999	-0.813172798358671	0.327059967177088	0
272	-4.02500000000000	-16.6749999999999	-0.813172798358671	1.08263350423676	0
273	-1.72500000000000	-16.6749999999999	-0.813172798358671	1.00607711081905	0
274	0.575000000000003	-16.6749999999999	-0.813172798358671	-0.650907736597753	0
275	2.87500000000000	-16.6749999999999	-0.813172798358671	0.257056157433969	0
276	5.17500000000000	-16.6749999999999	-0.813172798358671	-0.944377806404219	0
277	7.47500000000000	-16.6749999999999	-0.813172798358671	-1.32178852139256	0
278	9.77500000000000	-16.6749999999999	-0.813172798358671	0.924825933493706	0
279	12.0750000000000	-16.6749999999999	-0.813172798358671	4.98490752508133e-05	0
280	-13.2250000000000	-14.3749999999999	-0.813172798358671	-0.0549189146094067	0
281	-10.9250000000000	-14.3749999999999	-0.813172798358671	0.911127265653860	0
282	-8.62500000000000	-14.3749999999999	-0.813172798358671	0.594583697409052	0
283	-6.32500000000000	-14.3749999999999	-0.813172798358671	0.350201173874535	0
284	5.17500000000000	-14.3749999999999	-0.813172798358671	1.25025122830500	0
285	7.47500000000000	-14.3749999999999	-0.813172798358671	0.929789458557716	0
286	9.77500000000000	-14.3749999999999	-0.813172798358671	0.239763257058580	0
287	12.0750000000000	-14.3749999999999	-0.813172798358671	-0.690361103111226	0
288	14.3750000000000	-14.3749999999999	-0.813172798358671	-0.651553641750281	0
289	-15.5250000000000	-12.0749999999999	-0.813172798358671	1.19210187053127	0
290	-13.2250000000000	-12.0749999999999	-0.813172798358671	-1.61183038867781	0
291	-10.9250000000000	-12.0749999999999	-0.813172798358671	-0.0244619366359185	0
292	9.77500000000000	-12.0749999999999	-0.813172798358671	-1.94884717689890	0
293	12.0750000000000	-12.0749999999999	-0.813172798358671	1.02049801445265	0
294	14.3750000000000	-12.0749999999999	-0.813172798358671	0.861716302393419	0
295	16.6750000000000	-12.0749999999999	-0.813172798358671	0.00116208348351385	0
296	-17.8250000000000	-9.77499999999994	-0.813172798358671	-0.0708372131604802	0
297	-15.5250000000000	-9.77499999999994	-0.813172798358671	-2.48628392070328	0
298	-13.2250000000000	-9.77499999999994	-0.813172798358671	0.581172322675923	0
299	12.0750000000000	-9.77499999999994	-0.813172798358671	-2.19243491996591	0
300	14.3750000000000	-9.77499999999994	-0.813172798358671	-2.31928030664330	0
301	16.6750000000000	-9.77499999999994	-0.813172798358671	0.0799337102984397	0
302	-17.8250000000000	-7.47499999999994	-0.813172798358671	-0.948480983570505	0
303	-15.5250000000000	-7.47499999999994	-0.813172798358671	0.411490621423374	0
304	-13.2250000000000	-7.47499999999994	-0.813172798358671	0.676977805684030	0
305	14.3750000000000	-7.47499999999994	-0.813172798358671	0.857732545205355	0
306	16.6750000000000	-7.47499999999994	-0.813172798358671	-0.691159125382991	0
307	18.9750000000000	-7.47499999999994	-0.813172798358671	0.449377623166851	0
308	-20.1250000000000	-5.17499999999994	-0.813172798358671	0.100633350315076	0
309	-17.8250000000000	-5.17499999999994	-0.813172798358671	0.826069998469923	0
310	-15.5250000000000	-5.17499999999994	-0.813172798358671	0.536157079925919	0
311	14.3750000000000	-5.17499999999994	-0.813172798358671	0.897888425985076	0
312	16.6750000000000	-5.17499999999994	-0.813172798358671	-0.131937867924581	0
313	18.9750000000000	-5.17499999999994	-0.813172798358671	-0.147201456151267	0
314	-20.1250000000000	-2.87499999999994	-0.813172798358671	1.00777340530544	0
315	-17.8250000000000	-2.87499999999994	-0.813172798358671	-2.12365546241575	0
316	-15.5250000000000	-2.87499999999994	-0.813172798358671	-0.504586405514010	0
317	0.575000000000003	-2.87499999999994	-0.813172798358671	-1.27059444980866	0
318	16.6750000000000	-2.87499999999994	-0.813172798358671	-0.382584802707648	0
319	18.9750000000000	-2.87499999999994	-0.813172798358671	0.648679262048621	0
320	-20.1250000000000	-0.574999999999939	-0.813172798358671	0.825727149241758	0
321	-17.8250000000000	-0.574999999999939	-0.813172798358671	-1.01494364268014	0
322	-15.5250000000000	-0.574999999999939	-0.813172798358671	-0.471069912683167	0
323	-1.72500000000000	-0.574999999999939	-0.813172798358671	0.137024874130050	0
324	0.575000000000003	-0.574999999999939	-0.813172798358671	-0.291863375753573	0
325	2.87500000000000	-0.574999999999939	-0.813172798358671	0.301818555261006	0
326	16.6750000000000	-0.574999999999939	-0.813172798358671	0.399930942955802	0
327	18.9750000000000	-0.574999999999939	-0.813172798358671	-0.929961558940129	0
328	-20.1250000000000	1.72500000000007	-0.813172798358671	-0.176830265929232	0
329	-17.8250000000000	1.72500000000007	-0.813172798358671	-2.13209459916153	0
330	-15.5250000000000	1.72500000000007	-0.813172798358671	1.14536171051847	0
331	-1.72500000000000	1.72500000000007	-0.813172798358671	-0.629090760994156	0
332	0.575000000000003	1.72500000000007	-0.813172798358671	-1.20384997400222	0
333	16.6750000000000	1.72500000000007	-0.813172798358671	-0.253944683422812	0
334	18.9750000000000	1.72500000000007	-0.813172798358671	-1.42864686463210	0
335	-20.1250000000000	4.02500000000006	-0.813172798358671	-0.0208576177016003	0
336	-17.8250000000000	4.02500000000006	-0.813172798358671	-0.560664996528185	0
337	-15.5250000000000	4.02500000000006	-0.813172798358671	2.17777870918415	0
338	16.6750000000000	4.02500000000006	-0.813172798358671	1.13846538732960	0
339	18.9750000000000	4.02500000000006	-0.813172798358671	-2.49688650318450	0
340	-17.8250000000000	6.32500000000006	-0.813172798358671	0.441326931727609	0
341	-15.5250000000000	6.32500000000006	-0.813172798358671	-1.39813787581107	0
342	14.3750000000000	6.32500000000006	-0.813172798358671	-0.255055179880806	0
343	16.6750000000000	6.32500000000006	-0.813172798358671	0.164404073318729	0
344	18.9750000000000	6.32500000000006	-0.813172798358671	0.747734028808123	0
345	-17.8250000000000	8.62500000000006	-0.813172798358671	-0.273046949402907	0
346	-15.5250000000000	8.62500000000006	-0.813172798358671	1.57630014654608	0
347	-13.2250000000000	8.62500000000006	-0.813172798358671	-0.480937151778845	0
348	14.3750000000000	8.62500000000006	-0.813172798358671	0.327512120829686	0
349	16.6750000000000	8.62500000000006	-0.813172798358671	0.664734120627595	0
350	18.9750000000000	8.62500000000006	-0.813172798358671	0.0851885927211602	0
351	-15.5250000000000	10.9250000000001	-0.813172798358671	0.880952785381048	0
352	-13.2250000000000	10.9250000000001	-0.813172798358671	0.323213137847598	0
353	-10.9250000000000	10.9250000000001	-0.813172798358671	-0.784146183664088	0
354	12.0750000000000	10.9250000000001	-0.813172798358671	-1.80537335138609	0
355	14.3750000000000	10.9250000000001	-0.813172798358671	1.85859294855571	0
356	16.6750000000000	10.9250000000001	-0.813172798358671	-0.604530088774459	0
357	-15.5250000000000	13.2250000000001	-0.813172798358671	0.103359722310648	0
358	-13.2250000000000	13.2250000000001	-0.813172798358671	0.563166955145978	0
359	-10.9250000000000	13.2250000000001	-0.813172798358671	0.113596996734002	0
360	-8.62500000000000	13.2250000000001	-0.813172798358671	-0.904726212798032	0
361	7.47500000000000	13.2250000000001	-0.813172798358671	-0.467714582451856	0
362	9.77500000000000	13.2250000000001	-0.813172798358671	-0.124889947223107	0
363	12.0750000000000	13.2250000000001	-0.813172798358671	1.47895849150403	0
364	14.3750000000000	13.2250000000001	-0.813172798358671	-0.860815690006961	0
365	-13.2250000000000	15.5250000000001	-0.813172798358671	0.784668467287822	0
366	-10.9250000000000	15.5250000000001	-0.813172798358671	0.308623139948530	0
367	-8.62500000000000	15.5250000000001	-0.813172798358671	-0.233860042129153	0
368	-6.32500000000000	15.5250000000001	-0.813172798358671	-1.05697274596013	0
369	-4.02500000000000	15.5250000000001	-0.813172798358671	-0.284140954626164	0
370	-1.72500000000000	15.5250000000001	-0.813172798358671	-0.0866902824593051	0
371	0.575000000000003	15.5250000000001	-0.813172798358671	-1.46939507448636	0
372	2.87500000000000	15.5250000000001	-0.813172798358671	0.192182244870785	0
373	5.17500000000000	15.5250000000001	-0.813172798358671	-0.822293276290175	0
374	7.47500000000000	15.5250000000001	-0.813172798358671	-0.0942405879597235	0
375	9.77500000000000	15.5250000000001	-0.813172798358671	0.336213340954240	0
376	12.0750000000000	15.5250000000001	-0.813172798358671	-0.904654059246837	0
377	-8.62500000000000	17.8250000000001	-0.813172798358671	-0.288256361205696	0
378	-6.32500000000000	17.8250000000001	-0.813172798358671	0.350062757534178	0
379	-4.02500000000000	17.8250000000001	-0.813172798358671	-1.83585914250431	0
380	-1.72500000000000	17.8250000000001	-0.813172798358671	1.03597590824548	0
381	0.575000000000003	17.8250000000001	-0.813172798358671	2.42446114493936	0
382	2.87500000000000	17.8250000000001	-0.813172798358671	0.959400509407976	0
383	5.17500000000000	17.8250000000001	-0.813172798358671	-0.315771995009409	0
384	7.47500000000000	17.8250000000001	-0.813172798358671	0.428622679859396	0
385	9.77500000000000	17.8250000000001	-0.813172798358671	-1.03598477851339	0
386	-4.02500000000000	20.1250000000001	-0.813172798358671	1.87786546049586	0
387	-1.72500000000000	20.1250000000001	-0.813172798358671	0.940704403352132	0
388	0.575000000000003	20.1250000000001	-0.813172798358671	0.787345779935246	0
389	2.87500000000000	20.1250000000001	-0.813172798358671	-0.875874261956672	0
390	5.17500000000000	20.1250000000001	-0.813172798358671	0.319949134382331	0
391	-0.575000000000003	-38.5249999999999	0.813172798370388	-0.558294284850904	0
392	-2.87500000000000	-36.2249999999999	0.813172798370388	-0.311429418546895	0
393	-0.575000000000003	-36.2249999999999	0.813172798370388	-0.570009916642186	0
394	1.72500000000000	-36.2249999999999	0.813172798370388	-1.02573361562871	0
395	-0.575000000000003	-33.9249999999999	0.813172798370388	-0.908745586874325	0
396	1.72500000000000	-33.9249999999999	0.813172798370388	-0.209897334055591	0
397	-5.17500000000000	-20.1249999999999	0.813172798370388	-1.69886408417261	0
398	-2.87500000000000	-20.1249999999999	0.813172798370388	0.607600575846084	0
399	-0.575000000000003	-20.1249999999999	0.813172798370388	-0.117798289267962	0
400	1.72500000000000	-20.1249999999999	0.813172798370388	0.699160333644167	0
401	4.02500000000000	-20.1249999999999	0.813172798370388	0.269648641716598	0
402	-9.77500000000000	-17.8249999999999	0.813172798370388	0.494287055379411	0
403	-7.47500000000000	-17.8249999999999	0.813172798370388	-1.48312102251590	0
404	-5.17500000000000	-17.8249999999999	0.813172798370388	-1.02026438568297	0
405	-2.87500000000000	-17.8249999999999	0.813172798370388	-0.446995010744528	0
406	-0.575000000000003	-17.8249999999999	0.813172798370388	0.109658591327603	0
407	1.72500000000000	-17.8249999999999	0.813172798370388	1.12873645202828	0
408	4.02500000000000	-17.8249999999999	0.813172798370388	-0.289963040800028	0
409	6.32500000000000	-17.8249999999999	0.813172798370388	1.26155071814115	0
410	8.62500000000000	-17.8249999999999	0.813172798370388	0.475424811707271	0
411	-12.0750000000000	-15.5249999999999	0.813172798370388	1.17411675149372	0
412	-9.77500000000000	-15.5249999999999	0.813172798370388	0.126947068043646	0
413	-7.47500000000000	-15.5249999999999	0.813172798370388	-0.656815928948083	0
414	-5.17500000000000	-15.5249999999999	0.813172798370388	-1.48139907157878	0
415	-2.87500000000000	-15.5249999999999	0.813172798370388	0.155488995903894	0
416	-0.575000000000003	-15.5249999999999	0.813172798370388	0.818551368521001	0
417	1.72500000000000	-15.5249999999999	0.813172798370388	-0.292588130834394	0
418	4.02500000000000	-15.5249999999999	0.813172798370388	-0.540786416488526	0
419	6.32500000000000	-15.5249999999999	0.813172798370388	-0.308641815280113	0
420	8.62500000000000	-15.5249999999999	0.813172798370388	-1.09659330152547	0
421	10.9250000000000	-15.5249999999999	0.813172798370388	-0.493009815316451	0
422	13.2250000000000	-15.5249999999999	0.813172798370388	-0.180739356415037	0
423	-14.3750000000000	-13.2249999999999	0.813172798370388	0.0458411057137050	0
424	-12.0750000000000	-13.2249999999999	0.813172798370388	-0.0637831200223327	0
425	-9.77500000000000	-13.2249999999999	0.813172798370388	0.611335194065236	0
426	-7.47500000000000	-13.2249999999999	0.813172798370388	0.109317693774870	0
427	8.62500000000000	-13.2249999999999	0.813172798370388	1.81401545028038	0
428	10.9250000000000	-13.2249999999999	0.813172798370388	0.312023828329274	0
429	13.2250000000000	-13.2249999999999	0.813172798370388	1.80449377172419	0
430	15.5250000000000	-13.2249999999999	0.813172798370388	-0.723121479570418	0
431	-16.6750000000000	-10.9249999999999	0.813172798370388	0.526547037749559	0
432	-14.3750000000000	-10.9249999999999	0.813172798370388	-0.260250861706117	0
433	-12.0750000000000	-10.9249999999999	0.813172798370388	0.600142508808630	0
434	10.9250000000000	-10.9249999999999	0.813172798370388	0.593930795648753	0
435	13.2250000000000	-10.9249999999999	0.813172798370388	-2.18602161274824	0
436	15.5250000000000	-10.9249999999999	0.813172798370388	-1.32704314952029	0
437	-18.9750000000000	-8.62499999999994	0.813172798370388	-1.44101359763891	0
438	-16.6750000000000	-8.62499999999994	0.813172798370388	0.401844497039815	0
439	-14.3750000000000	-8.62499999999994	0.813172798370388	1.47020128084852	0
440	13.2250000000000	-8.62499999999994	0.813172798370388	-0.326814228785906	0
441	15.5250000000000	-8.62499999999994	0.813172798370388	0.812323004640796	0
442	17.8250000000000	-8.62499999999994	0.813172798370388	0.545540103526116	0
443	-18.9750000000000	-6.32499999999994	0.813172798370388	-1.05163230952085	0
444	-16.6750000000000	-6.32499999999994	0.813172798370388	0.397466995795309	0
445	-14.3750000000000	-6.32499999999994	0.813172798370388	-0.751894738681892	0
446	15.5250000000000	-6.32499999999994	0.813172798370388	1.51626689664595	0
447	17.8250000000000	-6.32499999999994	0.813172798370388	-0.0325665091944807	0
448	-18.9750000000000	-4.02499999999994	0.813172798370388	1.63599965727829	0
449	-16.6750000000000	-4.02499999999994	0.813172798370388	-0.425058490610031	0
450	15.5250000000000	-4.02499999999994	0.813172798370388	0.589433366718221	0
451	17.8250000000000	-4.02499999999994	0.813172798370388	-0.0627912257183250	0
452	20.1250000000000	-4.02499999999994	0.813172798370388	-2.02195893005179	0
453	-18.9750000000000	-1.72499999999994	0.813172798370388	-0.982131525779048	0
454	-16.6750000000000	-1.72499999999994	0.813172798370388	0.612511298166949	0
455	-0.575000000000003	-1.72499999999994	0.813172798370388	-0.0548861299886774	0
456	1.72500000000000	-1.72499999999994	0.813172798370388	-1.11873200245273	0
457	15.5250000000000	-1.72499999999994	0.813172798370388	-0.626378538867139	0
458	17.8250000000000	-1.72499999999994	0.813172798370388	0.249517740562795	0
459	20.1250000000000	-1.72499999999994	0.813172798370388	-0.993019006549601	0
460	-18.9750000000000	0.575000000000067	0.813172798370388	0.974950224811312	0
461	-16.6750000000000	0.575000000000067	0.813172798370388	-0.640709506726058	0
462	-2.87500000000000	0.575000000000067	0.813172798370388	1.80886262051925	0
463	-0.575000000000003	0.575000000000067	0.813172798370388	-1.07986625073883	0
464	1.72500000000000	0.575000000000067	0.813172798370388	0.199189444075264	0
465	15.5250000000000	0.575000000000067	0.813172798370388	-1.52102656176895	0
466	17.8250000000000	0.575000000000067	0.813172798370388	-0.723631125289073	0
467	20.1250000000000	0.575000000000067	0.813172798370388	-0.593250315010804	0
468	-18.9750000000000	2.87500000000006	0.813172798370388	0.401336339818801	0
469	-16.6750000000000	2.87500000000006	0.813172798370388	0.942133319236942	0
470	-0.575000000000003	2.87500000000006	0.813172798370388	0.300485967595730	0
471	15.5250000000000	2.87500000000006	0.813172798370388	-0.373070658631004	0
472	17.8250000000000	2.87500000000006	0.813172798370388	0.815488508092498	0
473	20.1250000000000	2.87500000000006	0.813172798370388	0.798886992156716	0
474	-18.9750000000000	5.17500000000006	0.813172798370388	0.120205281956355	0
475	-16.6750000000000	5.17500000000006	0.813172798370388	0.571247629714476	0
476	-14.3750000000000	5.17500000000006	0.813172798370388	0.412796010311392	0
477	15.5250000000000	5.17500000000006	0.813172798370388	-0.986961883351522	0
478	17.8250000000000	5.17500000000006	0.813172798370388	0.759568325914783	0
479	20.1250000000000	5.17500000000006	0.813172798370388	-0.657201299098350	0
480	-18.9750000000000	7.47500000000007	0.813172798370388	-0.603918481376169	0
481	-16.6750000000000	7.47500000000007	0.813172798370388	0.176946822329411	0
482	-14.3750000000000	7.47500000000007	0.813172798370388	-0.307503469862751	0
483	13.2250000000000	7.47500000000007	0.813172798370388	-0.131820352915894	0
484	15.5250000000000	7.47500000000007	0.813172798370388	0.595357673884102	0
485	17.8250000000000	7.47500000000007	0.813172798370388	1.04683278430523	0
486	-16.6750000000000	9.77500000000006	0.813172798370388	-0.197958632611842	0
487	-14.3750000000000	9.77500000000006	0.813172798370388	0.327678163907201	0
488	-12.0750000000000	9.77500000000006	0.813172798370388	-0.238301504589733	0
489	13.2250000000000	9.77500000000006	0.813172798370388	0.229596893220314	0
490	15.5250000000000	9.77500000000006	0.813172798370388	0.439997904822629	0
491	17.8250000000000	9.77500000000006	0.813172798370388	-0.616865928889227	0
492	-16.6750000000000	12.0750000000001	0.813172798370388	0.274836786911666	0
493	-14.3750000000000	12.0750000000001	0.813172798370388	0.601102032468295	0
494	-12.0750000000000	12.0750000000001	0.813172798370388	0.0923079512389623	0
495	-9.77500000000000	12.0750000000001	0.813172798370388	1.72984139157236	0
496	10.9250000000000	12.0750000000001	0.813172798370388	-0.608557444738319	0
497	13.2250000000000	12.0750000000001	0.813172798370388	-0.737059771697806	0
498	15.5250000000000	12.0750000000001	0.813172798370388	-1.74987930638763	0
499	-14.3750000000000	14.3750000000001	0.813172798370388	0.910482579647112	0
500	-12.0750000000000	14.3750000000001	0.813172798370388	0.867082552947325	0
501	-9.77500000000000	14.3750000000001	0.813172798370388	-0.0798928390580371	0
502	-7.47500000000000	14.3750000000001	0.813172798370388	0.898475989377142	0
503	-5.17500000000000	14.3750000000001	0.813172798370388	0.183703423091249	0
504	6.32500000000000	14.3750000000001	0.813172798370388	0.290790134884454	0
505	8.62500000000000	14.3750000000001	0.813172798370388	0.112944717021051	0
506	10.9250000000000	14.3750000000001	0.813172798370388	0.439952188872440	0
507	13.2250000000000	14.3750000000001	0.813172798370388	0.101662443700341	0
508	-12.0750000000000	16.6750000000001	0.813172798370388	2.78733522781344	0
509	-9.77500000000000	16.6750000000001	0.813172798370388	-1.16666503019464	0
510	-7.47500000000000	16.6750000000001	0.813172798370388	-1.85429908268969	0
511	-5.17500000000000	16.6750000000001	0.813172798370388	-1.14068114466963	0
512	-2.87500000000000	16.6750000000001	0.813172798370388	-1.09334345623960	0
513	-0.575000000000003	16.6750000000001	0.813172798370388	-0.433609296474824	0
514	1.72500000000000	16.6750000000001	0.813172798370388	-0.168469878275448	0
515	4.02500000000000	16.6750000000001	0.813172798370388	-0.218533560026581	0
516	6.32500000000000	16.6750000000001	0.813172798370388	0.541334435719376	0
517	8.62500000000000	16.6750000000001	0.813172798370388	0.389266203843264	0
518	10.9250000000000	16.6750000000001	0.813172798370388	0.751228984688333	0
519	-7.47500000000000	18.9750000000001	0.813172798370388	1.77825589929100	0
520	-5.17500000000000	18.9750000000001	0.813172798370388	1.22306255173381	0
521	-2.87500000000000	18.9750000000001	0.813172798370388	-1.28325610460477	0
522	-0.575000000000003	18.9750000000001	0.813172798370388	-2.32895451628334	0
523	1.72500000000000	18.9750000000001	0.813172798370388	0.901931466951714	0
524	4.02500000000000	18.9750000000001	0.813172798370388	-1.83563868373519	0
525	6.32500000000000	18.9750000000001	0.813172798370388	0.0667569114368658	0
526	8.62500000000000	18.9750000000001	0.813172798370388	0.0354794858375770	0
527	-1.72500000000000	-37.3749999999999	2.43951839509945	2.22716807816787	0
528	0.575000000000003	-37.3749999999999	2.43951839509945	-0.0692142540220484	0
529	-1.72500000000000	-35.0749999999999	2.43951839509945	-0.507323064614498	0
530	0.575000000000003	-35.0749999999999	2.43951839509945	0.235809672576244	0
531	2.87500000000000	-35.0749999999999	2.43951839509945	0.245804851893843	0
532	-4.02500000000000	-18.9749999999999	2.43951839509945	0.0700452094168079	0
533	-1.72500000000000	-18.9749999999999	2.43951839509945	-0.608580510079949	0
534	0.575000000000003	-18.9749999999999	2.43951839509945	-1.22259338018663	0
535	2.87500000000000	-18.9749999999999	2.43951839509945	0.316500360797716	0
536	5.17500000000000	-18.9749999999999	2.43951839509945	-1.34286923662193	0
537	-8.62500000000000	-16.6749999999999	2.43951839509945	-1.03218434407217	0
538	-6.32500000000000	-16.6749999999999	2.43951839509945	1.33121588506497	0
539	-4.02500000000000	-16.6749999999999	2.43951839509945	-0.418903195029849	0
540	-1.72500000000000	-16.6749999999999	2.43951839509945	-0.140321722056366	0
541	0.575000000000003	-16.6749999999999	2.43951839509945	0.899822328897224	0
542	2.87500000000000	-16.6749999999999	2.43951839509945	-0.300111005615676	0
543	5.17500000000000	-16.6749999999999	2.43951839509945	1.02936571210310	0
544	7.47500000000000	-16.6749999999999	2.43951839509945	-0.345065971567321	0
545	9.77500000000000	-16.6749999999999	2.43951839509945	1.01280186426298	0
546	-13.2250000000000	-14.3749999999999	2.43951839509945	0.629334584931419	0
547	-10.9250000000000	-14.3749999999999	2.43951839509945	-0.213015082641055	0
548	-8.62500000000000	-14.3749999999999	2.43951839509945	-0.865697308360524	0
549	9.77500000000000	-14.3749999999999	2.43951839509945	-1.04310830133763	0
550	12.0750000000000	-14.3749999999999	2.43951839509945	-0.270068812648099	0
551	-15.5250000000000	-12.0749999999999	2.43951839509945	-0.438141355602144	0
552	-13.2250000000000	-12.0749999999999	2.43951839509945	-0.408674314796326	0
553	-10.9250000000000	-12.0749999999999	2.43951839509945	0.983545235205556	0
554	12.0750000000000	-12.0749999999999	2.43951839509945	-0.297697144009373	0
555	14.3750000000000	-12.0749999999999	2.43951839509945	1.14367891077096	0
556	-15.5250000000000	-9.77499999999994	2.43951839509945	-0.531620117507069	0
557	-13.2250000000000	-9.77499999999994	2.43951839509945	0.972565728008653	0
558	14.3750000000000	-9.77499999999994	2.43951839509945	-0.522250484993549	0
559	16.6750000000000	-9.77499999999994	2.43951839509945	0.176577794642316	0
560	-17.8250000000000	-7.47499999999994	2.43951839509945	0.970737823554689	0
561	-15.5250000000000	-7.47499999999994	2.43951839509945	-0.413972274974230	0
562	16.6750000000000	-7.47499999999994	2.43951839509945	-0.438270518204902	0
563	-17.8250000000000	-5.17499999999994	2.43951839509945	2.00339061086226	0
564	-15.5250000000000	-5.17499999999994	2.43951839509945	0.950993499549085	0
565	16.6750000000000	-5.17499999999994	2.43951839509945	-0.432003843727780	0
566	18.9750000000000	-5.17499999999994	2.43951839509945	0.648940737363587	0
567	-17.8250000000000	-2.87499999999994	2.43951839509945	-0.360076301153972	0
568	0.575000000000003	-2.87499999999994	2.43951839509945	0.705885019349416	0
569	16.6750000000000	-2.87499999999994	2.43951839509945	1.41584906843659	0
570	18.9750000000000	-2.87499999999994	2.43951839509945	-1.60451566859706	0
571	-17.8250000000000	-0.574999999999939	2.43951839509945	1.02885306900203	0
572	-1.72500000000000	-0.574999999999939	2.43951839509945	1.45796778066199	0
573	0.575000000000003	-0.574999999999939	2.43951839509945	0.0474713232748285	0
574	2.87500000000000	-0.574999999999939	2.43951839509945	1.74625671011842	0
575	16.6750000000000	-0.574999999999939	2.43951839509945	0.155387514201181	0
576	18.9750000000000	-0.574999999999939	2.43951839509945	-1.23711968466263	0
577	-17.8250000000000	1.72500000000007	2.43951839509945	-2.19349427883461	0
578	-1.72500000000000	1.72500000000007	2.43951839509945	-0.333407067263734	0
579	0.575000000000003	1.72500000000007	2.43951839509945	0.713543302564059	0
580	16.6750000000000	1.72500000000007	2.43951839509945	0.317407733234497	0
581	18.9750000000000	1.72500000000007	2.43951839509945	0.413610390293130	0
582	-17.8250000000000	4.02500000000006	2.43951839509945	-0.577085583637940	0
583	16.6750000000000	4.02500000000006	2.43951839509945	0.144001801404465	0
584	18.9750000000000	4.02500000000006	2.43951839509945	-1.63866572993389	0
585	-17.8250000000000	6.32500000000006	2.43951839509945	-0.760089998635267	0
586	-15.5250000000000	6.32500000000006	2.43951839509945	-0.818793096250257	0
587	16.6750000000000	6.32500000000006	2.43951839509945	0.519728888133619	0
588	-15.5250000000000	8.62500000000006	2.43951839509945	-0.0141600590972047	0
589	14.3750000000000	8.62500000000006	2.43951839509945	-1.15552936828724	0
590	16.6750000000000	8.62500000000006	2.43951839509945	-0.00952491609816556	0
591	-15.5250000000000	10.9250000000001	2.43951839509945	-0.689810537631710	0
592	-13.2250000000000	10.9250000000001	2.43951839509945	-0.666699153601164	0
593	12.0750000000000	10.9250000000001	2.43951839509945	0.864149421165126	0
594	14.3750000000000	10.9250000000001	2.43951839509945	0.113419436226868	0
595	-13.2250000000000	13.2250000000001	2.43951839509945	0.398362846165994	0
596	-10.9250000000000	13.2250000000001	2.43951839509945	0.883969890234671	0
597	9.77500000000000	13.2250000000001	2.43951839509945	0.180257693987047	0
598	12.0750000000000	13.2250000000001	2.43951839509945	0.550854522057470	0
599	14.3750000000000	13.2250000000001	2.43951839509945	0.682964276111937	0
600	-10.9250000000000	15.5250000000001	2.43951839509945	1.17060866003560	0
601	-8.62500000000000	15.5250000000001	2.43951839509945	0.475860587278343	0
602	-6.32500000000000	15.5250000000001	2.43951839509945	1.41223268644450	0
603	5.17500000000000	15.5250000000001	2.43951839509945	0.0226084843095981	0
604	7.47500000000000	15.5250000000001	2.43951839509945	-0.0478694102202059	0
605	9.77500000000000	15.5250000000001	2.43951839509945	1.70133465427496	0
606	12.0750000000000	15.5250000000001	2.43951839509945	-0.509711712767427	0
607	-6.32500000000000	17.8250000000001	2.43951839509945	-0.00285496014432121	0
608	-4.02500000000000	17.8250000000001	2.43951839509945	0.919867079806396	0
609	-1.72500000000000	17.8250000000001	2.43951839509945	0.149808732632761	0
610	0.575000000000003	17.8250000000001	2.43951839509945	1.40493344567698	0
611	2.87500000000000	17.8250000000001	2.43951839509945	1.03412153956971	0
612	5.17500000000000	17.8250000000001	2.43951839509945	0.291570288770806	0
613	7.47500000000000	17.8250000000001	2.43951839509945	-0.777698538311603	0
614	-0.575000000000003	-38.5249999999999	4.06586399182851	0.566696097539305	0
615	-2.87500000000000	-36.2249999999999	4.06586399182851	-1.38262115948035	0
616	-0.575000000000003	-36.2249999999999	4.06586399182851	0.244474675589888	0
617	1.72500000000000	-36.2249999999999	4.06586399182851	0.808438803167691	0
618	-0.575000000000003	-33.9249999999999	4.06586399182851	0.213041698417000	0
619	1.72500000000000	-33.9249999999999	4.06586399182851	0.879677164233489	0
620	-0.575000000000003	-1.72499999999994	4.06586399182851	2.03887625141404	0
621	1.72500000000000	-1.72499999999994	4.06586399182851	0.923932448688937	0
622	-0.575000000000003	0.575000000000067	4.06586399182851	0.266917446595828	0
623	1.72500000000000	0.575000000000067	4.06586399182851	0.641661506421779	0
624	-1.72500000000000	-37.3749999999999	5.69220958855757	0.425485355625296	0
625	0.575000000000003	-37.3749999999999	5.69220958855757	-1.31472350348688	0
626	-1.72500000000000	-35.0749999999999	5.69220958855757	-0.416411219699434	0
627	0.575000000000003	-35.0749999999999	5.69220958855757	1.22468782478534	0
628	2.87500000000000	-35.0749999999999	5.69220958855757	-0.0435842055463326	0
629	-1.72500000000000	-32.7749999999999	5.69220958855757	0.582423277447969	0
630	0.575000000000003	-32.7749999999999	5.69220958855757	-1.00650007461934	0
631	-1.72500000000000	-2.87499999999994	5.69220958855757	0.0645167423111044	0
632	0.575000000000003	-2.87499999999994	5.69220958855757	0.600291949185784	0
633	-1.72500000000000	-0.574999999999939	5.69220958855757	-1.36151495486457	0
634	0.575000000000003	-0.574999999999939	5.69220958855757	0.347592631960065	0
635	2.87500000000000	-0.574999999999939	5.69220958855757	-0.181843218459334	0
636	0.575000000000003	1.72500000000007	5.69220958855757	-0.939534765941492	0
637	-0.575000000000003	-36.2249999999999	7.31855518528663	-0.0375331888191716	0
638	1.72500000000000	-36.2249999999999	7.31855518528663	-1.89630449362245	0
639	-2.87500000000000	-33.9249999999999	7.31855518528663	-2.12797676818267	0
640	-0.575000000000003	-33.9249999999999	7.31855518528663	-1.17692333071496	0
641	1.72500000000000	-33.9249999999999	7.31855518528663	-0.990532220484176	0
642	-0.575000000000003	-31.6249999999999	7.31855518528663	-1.17303232726741	0
643	-0.575000000000003	-4.02499999999994	7.31855518528663	-1.72542778952869	0
644	1.72500000000000	-4.02499999999994	7.31855518528663	0.288228089665011	0
645	-2.87500000000000	-1.72499999999994	7.31855518528663	-1.59418372026681	0
646	-0.575000000000003	-1.72499999999994	7.31855518528663	0.110218849223381	0
647	1.72500000000000	-1.72499999999994	7.31855518528663	0.787066676357980	0
648	-0.575000000000003	0.575000000000067	7.31855518528663	-0.00222678631383613	0
649	1.72500000000000	0.575000000000067	7.31855518528663	0.0931087600588035	0
650	-1.72500000000000	-35.0749999999999	8.94490078201569	-0.378157056589758	0
651	0.575000000000003	-35.0749999999999	8.94490078201569	-1.48267611105900	0
652	-1.72500000000000	-32.7749999999999	8.94490078201569	-0.0438185853582948	0
653	0.575000000000003	-32.7749999999999	8.94490078201569	0.960825211682115	0
654	2.87500000000000	-32.7749999999999	8.94490078201569	1.73824493261334	0
655	0.575000000000003	-30.4749999999999	8.94490078201569	-0.430206242426100	0
656	-1.72500000000000	-5.17499999999994	8.94490078201569	-1.62732273646978	0
657	0.575000000000003	-5.17499999999994	8.94490078201569	0.166347492460066	0
658	-1.72500000000000	-2.87499999999994	8.94490078201569	0.376265910450719	0
659	0.575000000000003	-2.87499999999994	8.94490078201569	-0.226950464706233	0
660	2.87500000000000	-2.87499999999994	8.94490078201569	-1.14891228961879	0
661	-1.72500000000000	-0.574999999999939	8.94490078201569	2.02433259954387	0
662	0.575000000000003	-0.574999999999939	8.94490078201569	-2.35952351095849	0
663	-0.575000000000003	-33.9249999999999	10.5712463787447	-0.509972045799939	0
664	1.72500000000000	-33.9249999999999	10.5712463787447	-1.32162559081010	0
665	-2.87500000000000	-31.6249999999999	10.5712463787447	-0.636128249660041	0
666	-0.575000000000003	-31.6249999999999	10.5712463787447	0.317851419059697	0
667	1.72500000000000	-31.6249999999999	10.5712463787447	0.138047974449526	0
668	-0.575000000000003	-29.3249999999999	10.5712463787447	-0.710735074811226	0
669	-0.575000000000003	-6.32499999999994	10.5712463787447	0.777003526719788	0
670	1.72500000000000	-6.32499999999994	10.5712463787447	0.622393924172013	0
671	-2.87500000000000	-4.02499999999994	10.5712463787447	0.647380884516047	0
672	-0.575000000000003	-4.02499999999994	10.5712463787447	-0.425631681660351	0
673	1.72500000000000	-4.02499999999994	10.5712463787447	1.04858076053644	0
674	-0.575000000000003	-1.72499999999994	10.5712463787447	0.660707086367175	0
675	1.72500000000000	-1.72499999999994	10.5712463787447	2.50877247318511	0
676	-1.72500000000000	-32.7749999999999	12.1975919754738	1.06345963904102	0
677	0.575000000000003	-32.7749999999999	12.1975919754738	1.15692165332739	0
678	-1.72500000000000	-30.4749999999999	12.1975919754738	0.0529788273256128	0
679	0.575000000000003	-30.4749999999999	12.1975919754738	-1.28838600294029	0
680	2.87500000000000	-30.4749999999999	12.1975919754738	-0.371221247497632	0
681	-1.72500000000000	-28.1749999999999	12.1975919754738	-0.757791916498819	0
682	0.575000000000003	-28.1749999999999	12.1975919754738	-0.563968917027427	0
683	-1.72500000000000	-7.47499999999994	12.1975919754738	0.555138560001846	0
684	0.575000000000003	-7.47499999999994	12.1975919754738	-0.556778063950366	0
685	-1.72500000000000	-5.17499999999994	12.1975919754738	-0.895113135482436	0
686	0.575000000000003	-5.17499999999994	12.1975919754738	-0.409327721634070	0
687	2.87500000000000	-5.17499999999994	12.1975919754738	-0.160886766738443	0
688	-1.72500000000000	-2.87499999999994	12.1975919754738	0.409334430455455	0
689	0.575000000000003	-2.87499999999994	12.1975919754738	-0.952635997119978	0
690	-0.575000000000003	-31.6249999999999	13.8239375722029	0.317317472324612	0
691	1.72500000000000	-31.6249999999999	13.8239375722029	0.0780200809780775	0
692	-2.87500000000000	-29.3249999999999	13.8239375722029	1.32438544916022	0
693	-0.575000000000003	-29.3249999999999	13.8239375722029	-0.213170486421586	0
694	1.72500000000000	-29.3249999999999	13.8239375722029	-0.134478644555426	0
695	-0.575000000000003	-27.0249999999999	13.8239375722029	-1.17135581792030	0
696	1.72500000000000	-27.0249999999999	13.8239375722029	-1.38526268319524	0
697	-0.575000000000003	-24.7249999999999	13.8239375722029	0.310508318600499	0
698	-0.575000000000003	-10.9249999999999	13.8239375722029	-0.249489064473939	0
699	-0.575000000000003	-8.62499999999994	13.8239375722029	0.503744055737328	0
700	1.72500000000000	-8.62499999999994	13.8239375722029	-0.892661403477038	0
701	-2.87500000000000	-6.32499999999994	13.8239375722029	1.90851233035822	0
702	-0.575000000000003	-6.32499999999994	13.8239375722029	0.122230700504887	0
703	1.72500000000000	-6.32499999999994	13.8239375722029	1.04703326689793	0
704	-0.575000000000003	-4.02499999999994	13.8239375722029	-0.226920199323937	0
705	1.72500000000000	-4.02499999999994	13.8239375722029	-0.162501941548495	0
706	-1.72500000000000	-30.4749999999999	15.4502831689319	0.690051897857806	0
707	0.575000000000003	-30.4749999999999	15.4502831689319	0.555756771412105	0
708	-1.72500000000000	-28.1749999999999	15.4502831689319	-1.12025500148841	0
709	0.575000000000003	-28.1749999999999	15.4502831689319	-1.53269301392951	0
710	2.87500000000000	-28.1749999999999	15.4502831689319	-1.09786776954067	0
711	-1.72500000000000	-25.8749999999999	15.4502831689319	-1.41577332156794	0
712	0.575000000000003	-25.8749999999999	15.4502831689319	0.0595705885660458	0
713	2.87500000000000	-25.8749999999999	15.4502831689319	-0.411250925532220	0
714	-1.72500000000000	-23.5749999999999	15.4502831689319	-0.368010733040955	0
715	0.575000000000003	-23.5749999999999	15.4502831689319	-1.36096312939369	0
716	-1.72500000000000	-21.2749999999999	15.4502831689319	0.779567428734972	0
717	0.575000000000003	-21.2749999999999	15.4502831689319	0.439411111553712	0
718	0.575000000000003	-18.9749999999999	15.4502831689319	-0.0896224837412097	0
719	0.575000000000003	-16.6749999999999	15.4502831689319	1.02118011801418	0
720	-1.72500000000000	-14.3749999999999	15.4502831689319	-0.873979465028903	0
721	0.575000000000003	-14.3749999999999	15.4502831689319	0.414700293047627	0
722	-1.72500000000000	-12.0749999999999	15.4502831689319	0.348441199952281	0
723	0.575000000000003	-12.0749999999999	15.4502831689319	0.349254416663714	0
724	-1.72500000000000	-9.77499999999994	15.4502831689319	-0.729247267629503	0
725	0.575000000000003	-9.77499999999994	15.4502831689319	0.326840248762991	0
726	2.87500000000000	-9.77499999999994	15.4502831689319	-0.514881632926476	0
727	-1.72500000000000	-7.47499999999994	15.4502831689319	-0.896446150502486	0
728	0.575000000000003	-7.47499999999994	15.4502831689319	-1.20326818641502	0
729	2.87500000000000	-7.47499999999994	15.4502831689319	1.03781563948524	0
730	-1.72500000000000	-5.17499999999994	15.4502831689319	-0.845944212336118	0
731	0.575000000000003	-5.17499999999994	15.4502831689319	-0.172913844259168	0
732	-0.575000000000003	-29.3249999999999	17.0766287656610	-1.20865205474020	0
733	-0.575000000000003	-27.0249999999999	17.0766287656610	-0.297126799995404	0
734	1.72500000000000	-27.0249999999999	17.0766287656610	-3.23203779594001	0
735	-2.87500000000000	-24.7249999999999	17.0766287656610	-1.08695922946133	0
736	-0.575000000000003	-24.7249999999999	17.0766287656610	-1.42643615947972	0
737	1.72500000000000	-24.7249999999999	17.0766287656610	-1.01445076770532	0
738	-2.87500000000000	-22.4249999999999	17.0766287656610	-0.213267188307358	0
739	-0.575000000000003	-22.4249999999999	17.0766287656610	-0.325347780360491	0
740	1.72500000000000	-22.4249999999999	17.0766287656610	1.94439779196628	0
741	-2.87500000000000	-20.1249999999999	17.0766287656610	-0.571773218349456	0
742	-0.575000000000003	-20.1249999999999	17.0766287656610	-0.250032278035044	0
743	1.72500000000000	-20.1249999999999	17.0766287656610	-1.56931547034070	0
744	-0.575000000000003	-17.8249999999999	17.0766287656610	-0.477382663694067	0
745	1.72500000000000	-17.8249999999999	17.0766287656610	-1.33797665356226	0
746	-2.87500000000000	-15.5249999999999	17.0766287656610	0.0302990237881831	0
747	-0.575000000000003	-15.5249999999999	17.0766287656610	0.853086767518578	0
748	1.72500000000000	-15.5249999999999	17.0766287656610	0.404253465109360	0
749	-2.87500000000000	-13.2249999999999	17.0766287656610	-0.700620213418206	0
750	-0.575000000000003	-13.2249999999999	17.0766287656610	-1.63054289274725	0
751	1.72500000000000	-13.2249999999999	17.0766287656610	1.46001318514265	0
752	-2.87500000000000	-10.9249999999999	17.0766287656610	2.05004273293787	0
753	-0.575000000000003	-10.9249999999999	17.0766287656610	0.120500599699389	0
754	1.72500000000000	-10.9249999999999	17.0766287656610	-0.989901604221187	0
755	-0.575000000000003	-8.62499999999994	17.0766287656610	1.19777147431488	0
756	1.72500000000000	-8.62499999999994	17.0766287656610	-0.592656218169254	0
757	-0.575000000000003	-6.32499999999994	17.0766287656610	-0.469809363224455	0
758	-1.72500000000000	-25.8749999999999	18.7029743623901	0.886377377072694	0
759	0.575000000000003	-25.8749999999999	18.7029743623901	-1.38521980111084	0
760	-1.72500000000000	-23.5749999999999	18.7029743623901	-1.95675395423192	0
761	0.575000000000003	-23.5749999999999	18.7029743623901	0.420683700201250	0
762	-1.72500000000000	-21.2749999999999	18.7029743623901	0.400737998146962	0
763	0.575000000000003	-21.2749999999999	18.7029743623901	0.0951421578641687	0
764	-1.72500000000000	-18.9749999999999	18.7029743623901	0.496684391636530	0
765	0.575000000000003	-18.9749999999999	18.7029743623901	1.08224059616070	0
766	2.87500000000000	-18.9749999999999	18.7029743623901	0.970447788354572	0
767	-1.72500000000000	-16.6749999999999	18.7029743623901	-0.568569570389605	0
768	0.575000000000003	-16.6749999999999	18.7029743623901	0.809972073318538	0
769	2.87500000000000	-16.6749999999999	18.7029743623901	0.173247371832088	0
770	-1.72500000000000	-14.3749999999999	18.7029743623901	-0.505542568515379	0
771	0.575000000000003	-14.3749999999999	18.7029743623901	-1.19330579089020	0
772	-1.72500000000000	-12.0749999999999	18.7029743623901	0.646970938881150	0
773	0.575000000000003	-12.0749999999999	18.7029743623901	-0.353622599299341	0
774	-1.72500000000000	-9.77499999999994	18.7029743623901	0.0464345266878230	0
775	0.575000000000003	-9.77499999999994	18.7029743623901	-0.792947502201808	0
776	-0.575000000000003	-22.4249999999999	20.3293199591191	-1.55051447477956	0
777	-0.575000000000003	-20.1249999999999	20.3293199591191	0.171586355268628	0
778	1.72500000000000	-20.1249999999999	20.3293199591191	-0.0621391248043618	0
779	-0.575000000000003	-17.8249999999999	20.3293199591191	1.19902787729197	0
780	1.72500000000000	-17.8249999999999	20.3293199591191	0.801704070327277	0
781	-0.575000000000003	-15.5249999999999	20.3293199591191	1.05330457914955	0
782	-0.575000000000003	-13.2249999999999	20.3293199591191	-0.748876752543159	0